    1162.00000      13.96784      13.98181      14.07827 	      13.96971      13.96926      14.08691      14.09510 	      14.16096      14.13097      13.98094      13.96814 	      13.98383      13.98294      13.99378      13.99060 
    2162.00000      11.51358      11.52510      11.60984 	      11.51523      11.51507      11.60796      11.61658 	      11.66522      11.65078      11.52491      11.51386 	      11.52708      11.52686      11.53526      11.53491 
    3162.00000      42.20091      42.24313      42.46509 	      42.22600      42.20546      42.52011      42.59264 	      42.65402      42.70827      42.32249      42.20387 	      42.39065      42.43917      42.47025      42.50764 
    4162.00000      24.03152      24.05556      24.20784 	      24.04370      24.06077      24.17405      24.24579 	      24.33023      24.32734      24.10522      24.04742 	      24.10374      24.13796      24.18288      24.18804 
    5162.00000      14.10498      14.11909      14.21390 	      14.11034      14.12133      14.22298      14.22764 	      14.26912      14.27056      14.14014      14.11185 	      14.14978      14.14752      14.16730      14.16740 
    6162.00000      24.86377      24.88865      25.04078 	      24.87574      24.89892      25.05945      25.08231 	      25.09564      25.14116      24.93204      24.88433 	      24.95793      24.96448      24.97534      24.98851 
    7162.00000      15.79116      15.80696      15.91742 	      15.79521      15.79334      15.92199      15.92972 	      15.98372      15.97754      15.81783      15.79199 	      15.82473      15.82344      15.84057      15.83986 
    9162.00000      15.12511      15.14025      15.24623 	      15.12970      15.14216      15.23406      15.25987 	      15.31374      15.30824      15.15693      15.13033 	      15.15811      15.16364      15.18224      15.18468 
   10162.00000      11.99782      12.00983      12.09566 	      12.00036      12.01174      12.08803      12.10495 	      12.15619      12.14153      12.01608      12.00133 	      12.01692      12.01837      12.03136      12.03052 
   12162.00000      25.76895      25.79474      25.97273 	      25.77754      25.77212      25.94045      25.99718 	      26.07459      26.08180      25.82559      25.76990 	      25.82611      25.84055      25.87081      25.88025 
   14162.00000      11.75027      11.76203      11.84354 	      11.75147      11.75121      11.86185      11.85636 	      11.90243      11.88570      11.75795      11.75027 	      11.76162      11.75943      11.76574      11.76254 
   15162.00000       8.44336       8.45181       8.51344 	       8.44426       8.44428       8.52667       8.52010 	       8.55440       8.54294       8.44958       8.44336 	       8.45225       8.45058       8.45521       8.45439 
   18162.00000      18.86695      18.88583      19.00803 	      18.87214      18.86926      19.02619      19.03201 	      19.08385      19.08548      18.89665      18.86798 	      18.91072      18.90717      18.92656      18.92337 
   21162.00000      16.58011      16.59670      16.71115 	      16.58455      16.58265      16.71832      16.72594 	      16.77577      16.77435      16.60904      16.58156 	      16.61707      16.61564      16.63244      16.63154 
   22162.00000      12.48398      12.49647      12.58448 	      12.48721      12.48638      12.59665      12.59781 	      12.63877      12.63216      12.50560      12.48507 	      12.51317      12.51327      12.52409      12.52443 
   24162.00000      29.81444      29.84426      30.04435 	      29.82486      29.81658      30.01483      30.07015 	      30.13423      30.15795      29.87908      29.81444 	      29.88446      29.89472      29.92618      29.92999 
   25162.00000       9.89720       9.90710       9.98277 	       9.89720       9.89835       9.98080       9.98778 	      10.02000      10.01291       9.89720       9.89720 	       9.89720       9.89720       9.89720       9.89720 
   26162.00000      12.67123      12.68391      12.77411 	      12.67441      12.68615      12.77383      12.78549 	      12.80794      12.82341      12.69304      12.67533 	      12.69692      12.69894      12.70545      12.71175 
   27162.00000      12.80255      12.81536      12.90332 	      12.80724      12.81761      12.90221      12.91383 	      12.97118      12.95319      12.83466      12.80886 	      12.83904      12.84031      12.86430      12.85856 
   28162.00000      23.44328      23.46674      23.63060 	      23.45000      23.44584      23.59093      23.64900 	      23.74752      23.71826      23.48835      23.44431 	      23.48559      23.49825      23.53047      23.52399 
   29162.00000      31.11443      31.14557      31.38362 	      31.11443      31.11750      31.31287      31.40015 	      31.32260      31.47816      31.11443      31.11443 	      31.11443      31.11443      31.11443      31.11443 
   30162.00000      12.71061      12.72333      12.81478 	      12.71111      12.71173      12.82311      12.82685 	      12.86480      12.85963      12.71416      12.71061 	      12.71504      12.71463      12.71668      12.71743 
   31162.00000      11.10618      11.11729      11.19443 	      11.10994      11.10934      11.20540      11.20270 	      11.24745      11.23497      11.12962      11.10851 	      11.13979      11.13552      11.15403      11.14887 
   33162.00000      12.36893      12.38131      12.46499 	      12.37368      12.38388      12.46970      12.47971 	      12.53204      12.51608      12.40055      12.37562 	      12.40757      12.41079      12.43147      12.42721 
   34162.00000       8.67793       8.68661       8.74422 	       8.67953       8.67886       8.76806       8.75319 	       8.78958       8.77817       8.68598       8.67810 	       8.69456       8.69030       8.69853       8.69586 
   36162.00000      26.19856      26.22478      26.38326 	      26.21258      26.23691      26.40920      26.42840 	      26.44142      26.49397      26.27983      26.22358 	      26.31124      26.31682      26.32848      26.34956 
   37162.00000      19.87188      19.89177      20.02373 	      19.87862      19.87368      20.02994      20.03476 	      20.09646      20.09299      19.91080      19.87246 	      19.92549      19.91536      19.94805      19.93913 
   39162.00000      27.81260      27.84043      28.01695 	      27.82189      27.81454      28.01424      28.04854 	      28.09856      28.13469      27.86010      27.81260 	      27.87989      27.88199      27.90803      27.91763 
   40162.00000      14.89136      14.90626      15.01431 	      14.89399      14.89282      15.00989      15.02823 	      15.07737      15.06823      14.90973      14.89136 	      14.91230      14.91487      14.92422      14.92396 
   41162.00000       8.89584       8.90474       8.96751 	       8.89833       8.89826       8.97920       8.97256 	       9.01281       8.99881       8.91100       8.89752 	       8.91919       8.91375       8.92860       8.92334 
   42162.00000      10.97211      10.98309      11.06243 	      10.97442      10.97358      11.06988      11.07273 	      11.12438      11.10264      10.98921      10.97275 	      10.99270      10.99312      11.00418      11.00164 
   44162.00000      10.97155      10.98253      11.06086 	      10.97479      10.97446      11.07336      11.06990 	      11.11297      11.09834      10.99428      10.97388 	      11.00166      10.99878      11.01337      11.00709 
   45162.00000      41.46929      41.51079      41.75187 	      41.48718      41.47404      41.76693      41.83196 	      41.88587      41.95204      41.56487      41.47192 	      41.59763      41.61388      41.64891      41.66992 
   46162.00000      23.83308      23.85693      24.01897 	      23.83508      23.83520      24.01807      24.05077 	      24.09806      24.11294      23.84588      23.83308 	      23.84865      23.84920      23.85538      23.86055 
   47162.00000      12.96760      12.98058      13.06708 	      12.97274      12.98369      13.08141      13.08390 	      13.11658      13.11812      13.00060      12.97489 	      13.01261      13.01217      13.02652      13.02616 
   48162.00000       8.96565       8.97462       9.03928 	       8.96782       8.96784       9.05049       9.04519 	       9.08947       9.06974       8.98091       8.96726 	       8.98620       8.98296       8.99565       8.98956 
   49162.00000      13.81127      13.82509      13.91920 	      13.81751      13.82920      13.91844      13.93288 	      13.98611      13.97639      13.85354      13.82072 	      13.85962      13.86350      13.89015      13.88765 
   50162.00000      11.27083      11.28211      11.36096 	      11.27420      11.28450      11.36193      11.37140 	      11.40602      11.40660      11.29305      11.27547 	      11.29804      11.29943      11.31121      11.31399 
   54162.00000       4.97061       4.97559       5.01407 	       4.97113       4.97095       5.01776       5.01732 	       5.04656       5.03007       4.97418       4.97061 	       4.97547       4.97662       4.97843       4.97839 
   55162.00000      23.37328      23.39667      23.55786 	      23.37946      23.37429      23.53332      23.56932 	      23.60549      23.63912      23.41057      23.37328 	      23.41562      23.41532      23.43471      23.43915 
   57162.00000      22.36508      22.38746      22.53512 	      22.37188      22.36604      22.53471      22.55621 	      22.58615      22.60704      22.40287      22.36508 	      22.41661      22.41848      22.43223      22.42841 
   58162.00000      28.90797      28.93690      29.11458 	      28.92068      28.90894      29.12139      29.14984 	      29.16988      29.23471      28.97486      28.90797 	      29.00166      29.00360      29.02295      29.04395 
   60162.00000      22.03886      22.06091      22.19911 	      22.04974      22.03958      22.20975      22.22276 	      22.27475      22.28086      22.10086      22.03886 	      22.12318      22.12174      22.15524      22.15014 
   61162.00000      20.44011      20.46056      20.59942 	      20.44506      20.44105      20.60078      20.61507 	      20.63066      20.66743      20.46763      20.44011 	      20.47899      20.47762      20.48622      20.48900 
   62162.00000      27.58208      27.60967      27.77798 	      27.59597      27.58291      27.78070      27.80842 	      27.87810      27.88093      27.65933      27.58208 	      27.68212      27.68450      27.73117      27.72011 
   63162.00000      22.18591      22.20811      22.37218 	      22.18591      22.18716      22.34098      22.38274 	      22.37288      22.44142      22.18591      22.18591 	      22.18591      22.18591      22.18591      22.18591 
   64162.00000       4.52292       4.52745       4.56284 	       4.52344       4.52320       4.56889       4.56369 	       4.58459       4.57562       4.52678       4.52292 	       4.52820       4.52771       4.53000       4.52948 
   65162.00000      23.45907      23.48254      23.63538 	      23.46700      23.45995      23.62119      23.65369 	      23.71435      23.72105      23.50392      23.45907 	      23.51389      23.51494      23.54538      23.54139 
   66162.00000      23.55866      23.58224      23.74730 	      23.56545      23.55971      23.71545      23.76258 	      23.80259      23.83084      23.60254      23.55866 	      23.60382      23.61316      23.62891      23.63684 
   70162.00000      30.32922      30.35957      30.58286 	      30.32922      30.33111      30.51445      30.58913 	      30.56032      30.66857      30.32922      30.32922 	      30.32922      30.32922      30.32922      30.32922 
   71162.00000       2.56388       2.56644       2.58682 	       2.56399       2.56406       2.59398       2.58727 	       2.60283       2.59377       2.56470       2.56388 	       2.56518       2.56497       2.56556       2.56548 
   72162.00000       5.59574       5.60134       5.64339 	       5.59727       5.59634       5.64795       5.64517 	       5.67398       5.66239       5.60557       5.59601 	       5.60998       5.60823       5.61707       5.61485 
   73162.00000       8.06122       8.06929       8.13002 	       8.06412       8.07005       8.12264       8.13411 	       8.16636       8.16050       8.08292       8.06450 	       8.08333       8.08770       8.09907       8.10063 
   74162.00000       3.02636       3.02939       3.05361 	       3.02675       3.02668       3.05926       3.05339 	       3.07211       3.06194       3.02940       3.02645 	       3.03061       3.02952       3.03227       3.03132 
   75162.00000       7.24962       7.25688       7.31437 	       7.25076       7.25035       7.31054       7.31543 	       7.34144       7.33726       7.25799       7.24985 	       7.25914       7.25963       7.26397       7.26501 
   76162.00000       7.53508       7.54262       7.59876 	       7.53672       7.53551       7.60435       7.60113 	       7.63363       7.62264       7.54669       7.53508 	       7.55015       7.54881       7.55652       7.55534 
   77162.00000      11.41717      11.42860      11.51406 	      11.41932      11.41783      11.50824      11.51957 	      11.55042      11.55300      11.43180      11.41717 	      11.43429      11.43658      11.44221      11.44532 
   79162.00000      10.42923      10.43966      10.51655 	      10.43303      10.44074      10.50366      10.52626 	      10.55475      10.56142      10.45610      10.43360 	      10.45636      10.46668      10.47499      10.48403 
   80162.00000       7.02717       7.03420       7.08889 	       7.02872       7.02784       7.08869       7.09023 	       7.11993       7.11100       7.03886       7.02742 	       7.04071       7.04088       7.04759       7.04740 
   82162.00000      17.06535      17.08242      17.19967 	      17.07223      17.06635      17.18632      17.22436 	      17.25631      17.28309      17.10605      17.06535 	      17.11413      17.13247      17.14236      17.16372 
   83162.00000       8.93993       8.94888       9.01527 	       8.94102       8.94046       9.01772       9.01795 	       9.05484       9.04219       8.94790       8.93993 	       8.94935       8.94975       8.95385       8.95439 
   85162.00000      10.30609      10.31640      10.39014 	      10.30782      10.30710      10.41205      10.40765 	      10.41931      10.43018      10.31850      10.30609 	      10.32389      10.32637      10.32511      10.32964 
   88162.00000      35.88327      35.91917      36.16735 	      35.89322      35.88500      36.17745      36.26408 	      36.09872      36.33651      35.95421      35.88327 	      35.96484      36.01674      35.94301      36.03486 
   89162.00000       3.28575       3.28904       3.31332 	       3.28628       3.28616       3.32741       3.31592 	       3.33215       3.32370       3.28960       3.28589 	       3.29238       3.29114       3.29313       3.29213 
   90162.00000       4.47146       4.47593       4.50998 	       4.47164       4.47176       4.52108       4.51418 	       4.53227       4.52341       4.47281       4.47146 	       4.47352       4.47304       4.47398       4.47366 
   93162.00000      54.16692      54.22112      54.52887 	      54.19414      54.16933      54.56811      54.62218 	      54.65607      54.77232      54.30882      54.16692 	      54.36842      54.37117      54.41259      54.45354 
   94162.00000       5.47064       5.47612       5.51707 	       5.47064       5.47096       5.53244       5.52543 	       5.53599       5.53680       5.47064       5.47064 	       5.47064       5.47064       5.47064       5.47064 
   95162.00000      68.17841      68.24662      68.60185 	      68.21599      68.18093      68.61610      68.74756 	      68.89989      68.91121      68.35838      68.17841 	      68.41966      68.46505      68.57609      68.55373 
   96162.00000      14.36084      14.37521      14.46922 	      14.36357      14.36144      14.50107      14.50807 	      14.51309      14.53549      14.37528      14.36084 	      14.38751      14.38549      14.38979      14.39035 
   99162.00000      16.81693      16.83376      16.94518 	      16.82401      16.81767      16.96447      16.97110 	      17.01591      16.99182      16.86168      16.81693 	      16.87900      16.87612      16.90063      16.87580 
  101162.00000      10.74253      10.75328      10.82793 	      10.74658      10.74346      10.84744      10.84801 	      10.87736      10.86947      10.77137      10.74285 	      10.78210      10.78751      10.79339      10.79430 
  102162.00000      13.26037      13.27364      13.36424 	      13.26520      13.27434      13.37821      13.40019 	      13.40577      13.42613      13.29477      13.26520 	      13.30331      13.32261      13.31335      13.33009 
  104162.00000       8.03891       8.04695       8.10531 	       8.04069       8.03974       8.12181       8.11620 	       8.14121       8.13509       8.05210       8.03914 	       8.05730       8.06029       8.06160       8.06399 
  105162.00000       8.84467       8.85352       8.91818 	       8.84467       8.84517       8.93267       8.93294 	       8.94840       8.94961       8.84467       8.84467 	       8.84467       8.84467       8.84467       8.84467 
  108162.00000      48.89939      48.94832      49.27398 	      48.91294      48.90167      49.24690      49.36763 	      49.16385      49.48653      48.97765      48.89939 	      48.99566      49.01823      48.97264      49.05965 
  109162.00000      13.94496      13.95891      14.06339 	      13.94496      13.94607      14.06629      14.07992 	      14.08708      14.11099      13.94496      13.94496 	      13.94496      13.94496      13.94496      13.94496 
  110162.00000      37.44255      37.48002      37.69154 	      37.46161      37.44421      37.73748      37.75709 	      37.86340      37.84282      37.54185      37.44255 	      37.59267      37.58595      37.65676      37.62549 
  112162.00000       9.45027       9.45972       9.52572 	       9.45200       9.45109       9.54711       9.54170 	       9.56625       9.56195       9.46148       9.45058 	       9.46804       9.46542       9.47155       9.47090 
  115162.00000      36.63987      36.67654      36.88734 	      36.66224      36.68890      36.94039      36.97945 	      37.02237      37.05114      36.77526      36.67395 	      36.82318      36.84689      36.87320      36.88330 
  116162.00000      52.45914      52.51162      52.79353 	      52.48828      52.46479      52.89698      52.94685 	      52.95321      53.04395      52.61403      52.46207 	      52.70230      52.72910      52.73352      52.77135 
  120162.00000      30.89209      30.92300      31.12515 	      30.89735      30.89488      31.13804      31.18475 	      31.19379      31.25241      30.92634      30.89209 	      30.93397      30.94624      30.94345      30.95277 
  121162.00000      21.64489      21.66655      21.81328 	      21.64990      21.64652      21.81484      21.84928 	      21.90129      21.90618      21.67738      21.64489 	      21.68426      21.69392      21.70429      21.71397 
  122162.00000      15.26174      15.27701      15.37114 	      15.26695      15.26395      15.41700      15.40114 	      15.45001      15.43227      15.29339      15.26303 	      15.31471      15.30791      15.32597      15.31564 
  123162.00000      18.46674      18.48522      18.59499 	      18.47507      18.47031      18.65687      18.63163 	      18.67981      18.66945      18.51465      18.46970 	      18.55247      18.53638      18.56281      18.54929 
  124162.00000      27.01110      27.03812      27.21486 	      27.01970      27.01299      27.23466      27.25741 	      27.30546      27.32068      27.06702      27.01110 	      27.08224      27.08689      27.10476      27.10465 
  127162.00000      33.84625      33.88012      34.10090 	      33.85536      33.84854      34.09088      34.16957 	      34.19286      34.23924      33.90232      33.84625 	      33.91206      33.93987      33.93950      33.95115 
  128162.00000      13.97253      13.98651      14.07971 	      13.97525      13.97472      14.11339      14.10015 	      14.13649      14.13268      13.99076      13.97370 	      13.99992      13.99702      14.00440      14.00185 
  131162.00000      35.84112      35.87698      36.08252 	      35.85469      35.84362      36.15339      36.17720 	      36.18985      36.24530      35.91344      35.84112 	      35.95923      35.96857      35.97301      35.98435 
  132162.00000      23.53928      23.56284      23.72116 	      23.54408      23.54109      23.71939      23.75875 	      23.81718      23.81839      23.57119      23.53928 	      23.57599      23.58449      23.59592      23.60340 
  134162.00000      18.78407      18.80287      18.93362 	      18.78662      18.78558      18.94291      18.95810 	      18.98194      19.00534      18.79996      18.78407 	      18.80560      18.80844      18.81089      18.81527 
  136162.00000      12.37532      12.38770      12.47321 	      12.37708      12.37639      12.49378      12.48919 	      12.52697      12.51894      12.38691      12.37532 	      12.39217      12.39159      12.39689      12.39532 
  137162.00000      18.21826      18.23649      18.35921 	      18.22046      18.21977      18.37105      18.38683 	      18.43941      18.43257      18.23151      18.21826 	      18.23670      18.23532      18.24495      18.24426 
  138162.00000      32.57415      32.60675      32.80408 	      32.59081      32.61021      32.83834      32.88564 	      32.89090      32.95255      32.67925      32.59278 	      32.70910      32.73986      32.73594      32.76877 
  139162.00000      11.26120      11.27246      11.34994 	      11.26321      11.26211      11.37427      11.36424 	      11.40415      11.39208      11.27530      11.26120 	      11.28140      11.27943      11.28674      11.28591 
  140162.00000      13.46789      13.48137      13.56825 	      13.46837      13.46908      13.60636      13.59207 	      13.62303      13.62240      13.47084      13.46789 	      13.47282      13.47136      13.47341      13.47280 
  143162.00000       4.07423       4.07831       4.11206 	       4.07423       4.07452       4.11069       4.11307 	       4.13540       4.12257       4.07423       4.07423 	       4.07423       4.07423       4.07423       4.07423 
  145162.00000       8.19022       8.19841       8.26732 	       8.19022       8.19080       8.24999       8.26773 	       8.28537       8.28776       8.19022       8.19022 	       8.19022       8.19022       8.19022       8.19022 
  146162.00000      10.17459      10.18477      10.26646 	      10.17562      10.17520      10.25032      10.27427 	      10.29839      10.29707      10.18327      10.17459 	      10.18225      10.18601      10.18711      10.18858 
