  102    5652.80600    0
  103    5856.60800    0
  104    6735.18500    0
  105   10327.39000    0
  106    5367.57800    0
  107    1037.08700    1
  108    6573.83900    0
  109    5679.49400    0
  110    5913.38500    0
  111    6278.72900    0
  112    5639.28900    0
  113    5604.10300    0
  114    5998.97300    0
  115    6049.44200    0
  116   15880.05000    0
  117    7752.75700    0
  118    3864.39400    0
  119    4905.48600    0
  120   14497.88000    0
  121    5392.38000    0
  122    5698.18000    0
  123   13072.01000    0
  124    8168.70800    0
  125    7051.88800    0
  126    8981.03400    0
  128    9073.77200    0
  129    8220.26700    0
  130    8792.53900    0
  131    4545.61500    0
  132    5086.46900    0
  133    3610.22700    0
  134    6397.48500    0
  135    3975.51200    0
  136    6933.42900    0
  137    8076.61000    0
  138    9150.85800    0
  139    6408.40100    0
  141    8654.06000    0
  142    8865.97900    0
  143    5815.66100    0
  144    6918.48800    0
  145   10144.59000    0
  146    8445.07700    0
  147   11857.97000    0
  148   11135.87000    0
  149    9563.72100    0
  150    9950.78100    0
  151   10305.24000    0
  152   15658.78000    0
  153   11999.61000    0
  154   12436.59000    0
  155   11351.19000    0
  156   10521.68000    0
  157   14620.53000    0
  158   11349.58000    0
  159   13146.96000    0
  160   14836.10000    0
  161   13437.72000    0
  162    6783.77700    0
  163    6581.74100    0
  164   11342.84000    0
  201    5652.80600    0
  203     400.41340    1
  204    1107.61000    1
  205    9723.04900    0
  206     341.11090    0
  207    6654.99400    0
  208    1035.45600    0
  209     261.72280    1
  210    1027.61600    0
  211    1911.47600    0
  212     428.41770    0
  213    1342.90000    0
  214    1544.39700    0
  215     413.50570    1
  216   16977.86000    0
  217    2099.98800    0
  218    2234.09700    0
  219     778.20230    0
  220   19004.93000    0
  221    1454.38000    0
  222    1055.16300    0
  223    8693.44100    0
  224    2601.68100    0
  225    1449.73400    0
  226    3338.08800    0
  228   11063.63000    0
  229    9408.11800    0
  230   11659.25000    0
  231    8639.06300    0
  232    9365.76200    0
  233    9207.14900    0
  234   10263.94000    0
  235    7624.66800    0
  236   10037.42000    0
  237   10170.33000    0
  238   10970.30000    0
  239    1346.13700    0
  241    4722.01600    0
  242    3215.24300    0
  243    1885.58600    0
  244    1486.09900    0
  245    4607.60500    0
  246    4827.17200    0
  247    6490.64100    0
  248    5576.68700    0
  249    4218.47100    0
  250    4409.11900    0
  251    4692.42400    0
  252   11590.77000    0
  253    9835.41000    0
  254    9642.06600    0
  255    6594.32700    0
  256    8975.32200    0
  257   10433.66000    0
  258    6136.71600    0
  259   10756.82000    0
  260   10748.35000    0
  261    9454.65100    0
  262    1249.68900    0
  263    1368.18900    0
  264    9276.13300    0
  301    5856.60800    0
  302     400.41340    1
  304    1065.97600    0
  305    9356.22500    0
  306     511.16000    0
  307    6838.92100    0
  308     726.52870    1
  309     194.99910    1
  310     659.20720    1
  311    1531.73000    0
  312     234.96570    1
  313    1047.51400    0
  314    1181.73700    0
  315     509.22380    1
  316   16584.78000    0
  317    1931.76400    0
  318    2257.52400    0
  319     957.14400    0
  320   18620.44000    0
  321    1845.88500    0
  322    1421.17200    0
  323    8761.39100    0
  324    2329.25100    0
  325    1195.35100    0
  326    3127.47100    0
  328   11457.63000    0
  329    9798.38500    0
  330   12059.56000    0
  331    9000.08900    0
  332    9725.92000    0
  333    9441.61600    0
  334   10646.40000    0
  335    7990.55400    0
  336   10434.21000    0
  337   10568.98000    0
  338   11361.99000    0
  339    1585.77400    0
  341    4940.80100    0
  342    3052.64300    0
  343    2248.23700    0
  344    1570.08800    0
  345    4524.03300    0
  346    5074.85100    0
  347    6438.11900    0
  348    5471.45200    0
  349    3894.71500    0
  350    4136.08800    0
  351    4453.53300    0
  352   11230.80000    0
  353    9436.31000    0
  354    9242.01700    0
  355    6228.46000    0
  356    8589.81900    0
  357   10067.47000    0
  358    5808.13600    0
  359   10356.61000    0
  360   10380.91000    0
  361    9073.72900    0
  362     942.84970    0
  363     976.34380    0
  364    8879.69500    0
  401    6735.18500    0
  402    1107.61000    1
  403    1065.97600    0
  405    9866.73300    0
  406    1433.59800    0
  407    7746.84200    0
  408     764.53750    1
  409    1173.29100    0
  410    1532.25100    0
  411    2204.24500    0
  412    1294.89900    0
  413    2008.77500    0
  414    1978.07900    0
  415     695.55120    1
  416   16337.51000    0
  417    1053.23400    0
  418    3305.01700    0
  419    1885.43800    0
  420   18561.93000    0
  421    1863.35600    0
  422    1363.06700    0
  423    7700.61300    0
  424    1724.12600    0
  425     725.72100    1
  426    2308.86900    0
  428   11165.22000    0
  429    9482.04200    0
  430   11920.26000    0
  431    9391.10200    0
  432   10114.56000    0
  433   10252.96000    0
  434   10870.82000    0
  435    8363.94500    0
  436   10486.29000    0
  437   10377.46000    0
  438   11040.53000    0
  439     990.82100    0
  441    4046.81100    0
  442    2135.78500    0
  443    1985.07600    0
  444     601.09010    0
  445    3501.08800    0
  446    4236.89300    0
  447    5394.28200    0
  448    4469.10600    0
  449    3419.29700    0
  450    3467.38300    0
  451    3684.02900    0
  452   10831.90000    0
  453    9614.66400    0
  454    9292.47300    0
  455    5923.02700    0
  456    8977.07200    0
  457    9716.84000    0
  458    5314.79900    0
  459   10403.76000    0
  460   10034.80000    0
  461    8839.85700    0
  462     812.46720    0
  463    1318.43400    0
  464    9128.40200    0
  501   10327.39000    0
  502    9723.04900    0
  503    9356.22500    0
  504    9866.73300    0
  506    9569.70100    0
  507   10142.37000    0
  508    9140.25900    0
  509    9461.35600    0
  510    8699.99600    0
  511    7826.71400    0
  512    9300.10500    0
  513    8414.40400    0
  514    8179.45200    0
  515    9802.96700    0
  516    7835.41500    0
  517    9517.78500    0
  518    8804.81000    0
  519    9596.08700    0
  520    9285.12200    0
  521   11155.38000    0
  522   10775.13000    0
  523   13525.04000    0
  524    8774.87300    0
  525    9186.39800    0
  526    9160.21000    0
  528   18374.08000    0
  529   18546.62000    0
  530   17244.93000    0
  531   14326.11000    0
  532   14444.16000    0
  533   11311.68000    0
  534   15499.03000    0
  535   14177.45000    0
  536   16541.81000    0
  537   18003.46000    0
  538   18583.76000    0
  539   10810.15000    0
  541   13494.22000    0
  542    9576.80100    0
  543   11604.25000    0
  544   10430.47000    0
  545   10494.47000    0
  546   13827.36000    0
  547   11268.61000    0
  548   10414.71000    0
  549    7672.42400    0
  550    8312.69100    0
  551    8707.22500    0
  552    5795.37600    0
  553    2111.12300    0
  554    2893.87300    0
  555    5850.77600    0
  556    1158.07000    0
  557    5329.71700    0
  558    6938.01500    0
  559    3004.26100    0
  560    5329.89500    0
  561    4613.23900    0
  562    9055.10500    0
  563    8588.49800    0
  564    1780.86500    0
  601    5367.57800    0
  602     341.11090    0
  603     511.16000    0
  604    1433.59800    0
  605    9569.70100    0
  607    6359.87000    0
  608    1235.54600    0
  609     319.25800    0
  610     956.72690    0
  611    1823.92900    0
  612     358.11640    0
  613    1155.29700    0
  614    1433.45900    0
  615     747.58300    0
  616   17010.38000    0
  617    2393.20400    0
  618    1893.15100    0
  619     463.45290    1
  620   18833.90000    0
  621    1586.51800    0
  622    1265.48300    0
  623    9032.57500    0
  624    2835.58500    0
  625    1692.99600    0
  626    3613.63200    0
  628   11141.30000    0
  629    9503.80100    0
  630   11683.91000    0
  631    8509.84400    0
  632    9234.54900    0
  633    8942.10000    0
  634   10181.17000    0
  635    7505.40600    0
  636   10010.62000    0
  637   10220.97000    0
  638   11057.97000    0
  639    1656.97200    0
  641    5024.45300    0
  642    3513.91100    0
  643    2079.75800    0
  644    1827.10300    0
  645    4934.20500    0
  646    5114.24300    0
  647    6824.71200    0
  648    5898.25400    0
  649    4404.58300    0
  650    4643.90000    0
  651    4952.24500    0
  652   11721.79000    0
  653    9789.18800    0
  654    9638.06800    0
  655    6717.46300    0
  656    8866.82000    0
  657   10553.64000    0
  658    6316.49000    0
  659   10747.42000    0
  660   10865.63000    0
  661    9541.87000    0
  662    1452.54100    0
  663    1448.26300    0
  664    9210.66500    0
  701    1037.08700    1
  702    6654.99400    0
  703    6838.92100    0
  704    7746.84200    0
  705   10142.37000    0
  706    6359.87000    0
  708    7547.51800    0
  709    6667.14200    0
  710    6847.41800    0
  711    7134.29200    0
  712    6616.29800    0
  713    6505.22600    0
  714    6885.21600    0
  715    7056.79100    0
  716   14891.27000    0
  717    8751.96100    0
  718    4756.55900    0
  719    5896.46800    0
  720   13462.86000    0
  721    6429.29500    0
  722    6733.44500    0
  723   13977.51000    0
  724    9129.03400    0
  725    8031.28000    0
  726    9966.19800    0
  728    9018.50100    0
  729    8415.81800    0
  730    8562.19700    0
  731    4362.45900    0
  732    4774.82700    0
  733    2728.52000    1
  734    6099.95400    0
  735    4035.42800    0
  736    6799.87700    0
  737    8085.23900    0
  738    9126.43200    0
  739    7443.79600    0
  741    9622.19000    0
  742    9870.11100    0
  743    6847.96700    0
  744    7947.62500    0
  745   11176.40000    0
  746    9391.25100    0
  747   12894.01000    0
  748   12167.11000    0
  749   10448.95000    0
  750   10886.55000    0
  751   11267.29000    0
  752   15810.22000    0
  753   12003.36000    0
  754   12551.08000    0
  755   12035.81000    0
  756   10518.28000    0
  757   14931.87000    0
  758   12160.73000    0
  759   13096.15000    0
  760   15092.24000    0
  761   13785.76000    0
  762    7753.49100    0
  763    7515.78200    0
  764   11382.24000    0
  801    6573.83900    0
  802    1035.45600    0
  803     726.52870    1
  804     764.53750    1
  805    9140.25900    0
  806    1235.54600    0
  807    7547.51800    0
  809     916.33870    0
  810     870.32570    0
  811    1442.07300    0
  812     934.79520    0
  813    1353.51700    0
  814    1243.97200    0
  815     802.12320    1
  816   15991.72000    0
  817    1283.68700    0
  818    2892.24000    0
  819    1682.88800    0
  820   18171.40000    0
  821    2299.79200    0
  822    1810.10800    0
  823    8314.66400    0
  824    1603.24700    0
  825     490.38730    1
  826    2422.59100    0
  828   11824.23000    0
  829   10144.97000    0
  830   12517.44000    0
  831    9668.84400    0
  832   10395.80000    0
  833   10164.99000    0
  834   11265.14000    0
  835    8651.44900    0
  836   10981.42000    0
  837   10992.57000    0
  838   11710.03000    0
  839    1671.12600    0
  841    4806.69900    0
  842    2384.74500    0
  843    2568.26000    0
  844    1365.37600    0
  845    3918.63200    0
  846    5001.23500    0
  847    5851.98900    0
  848    4836.35800    0
  849    3184.57200    0
  850    3409.56000    0
  851    3732.27600    0
  852   10560.29000    0
  853    9005.19100    0
  854    8742.37100    0
  855    5571.10600    0
  856    8284.61300    0
  857    9408.17500    0
  858    5102.17000    0
  859    9859.22200    0
  860    9723.83400    0
  861    8450.54200    0
  862     217.33270    1
  863     558.35610    0
  864    8487.45500    0
  901    5679.49400    0
  902     261.72280    1
  903     194.99910    1
  904    1173.29100    0
  905    9461.35600    0
  906     319.25800    0
  907    6667.14200    0
  908     916.33870    0
  910     767.95700    0
  911    1652.63400    0
  912     173.56020    1
  913    1088.17400    0
  914    1283.01800    0
  915     533.06070    0
  916   16762.97000    0
  917    2091.60100    0
  918    2131.80500    0
  919     774.57160    0
  920   18744.14000    0
  921    1712.14000    0
  922    1316.49200    0
  923    8840.01000    0
  924    2516.60600    0
  925    1376.01400    0
  926    3301.83100    0
  928   11317.26000    0
  929    9664.60500    0
  930   11899.75000    0
  931    8807.12500    0
  932    9532.76900    0
  933    9258.71300    0
  934   10459.40000    0
  935    7798.57200    0
  936   10258.96000    0
  937   10417.65000    0
  938   11225.75000    0
  939    1567.09400    0
  941    4940.64800    0
  942    3213.40800    0
  943    2146.99000    0
  944    1629.72800    0
  945    4660.66600    0
  946    5057.78600    0
  947    6564.98200    0
  948    5616.36900    0
  949    4089.31100    0
  950    4324.73400    0
  951    4635.65500    0
  952   11423.91000    0
  953    9589.21900    0
  954    9408.72900    0
  955    6420.94700    0
  956    8716.74600    0
  957   10259.56000    0
  958    6003.03300    0
  959   10521.99000    0
  960   10572.71000    0
  961    9261.45700    0
  962    1133.40500    0
  963    1161.79100    0
  964    9025.12800    0
 1001    5913.38500    0
 1002    1027.61600    0
 1003     659.20720    1
 1004    1532.25100    0
 1005    8699.99600    0
 1006     956.72690    0
 1007    6847.41800    0
 1008     870.32570    0
 1009     767.95700    0
 1011     884.82000    0
 1012     622.10130    0
 1013     485.31790    0
 1014     522.54210    1
 1015    1144.57500    0
 1016   16056.18000    0
 1017    2137.30800    0
 1018    2110.59900    0
 1019    1240.50600    0
 1020   17977.37000    0
 1021    2480.03300    0
 1022    2075.20700    0
 1023    9181.94700    0
 1024    2299.00200    0
 1025    1328.88900    0
 1026    3192.65300    0
 1028   12080.84000    0
 1029   10431.41000    0
 1030   12640.28000    0
 1031    9385.18400    0
 1032   10104.92000    0
 1033    9523.54800    0
 1034   11099.02000    0
 1035    8395.47100    0
 1036   10960.73000    0
 1037   11171.88000    0
 1038   11991.48000    0
 1039    2221.36900    0
 1041    5538.28900    0
 1042    3209.15800    0
 1043    2904.42600    0
 1044    2107.66200    0
 1045    4773.32800    0
 1046    5693.06000    0
 1047    6709.73900    0
 1048    5672.42400    0
 1049    3676.86100    0
 1050    4041.12300    0
 1051    4427.08900    0
 1052   10847.96000    0
 1053    8836.96500    0
 1054    8681.73500    0
 1055    5852.88000    0
 1056    7948.83300    0
 1057    9670.57100    0
 1058    5549.55700    0
 1059    9790.72600    0
 1060    9978.55300    0
 1061    8628.42600    0
 1062    1013.00000    0
 1063     668.91640    0
 1064    8265.16100    0
 1101    6278.72900    0
 1102    1911.47600    0
 1103    1531.73000    0
 1104    2204.24500    0
 1105    7826.71400    0
 1106    1823.92900    0
 1107    7134.29200    0
 1108    1442.07300    0
 1109    1652.63400    0
 1110     884.82000    0
 1112    1504.69400    0
 1113     789.12330    1
 1114     398.55450    1
 1115    1982.46000    0
 1116   15214.32000    0
 1117    2470.54600    0
 1118    2420.29400    0
 1119    2027.45700    0
 1120   17094.11000    0
 1121    3364.77300    0
 1122    2952.89600    0
 1123    9566.99500    0
 1124    2317.81100    0
 1125    1732.26000    0
 1126    3250.55300    0
 1128   12962.50000    0
 1129   11315.87000    0
 1130   13496.12000    0
 1131   10070.75000    0
 1132   10778.52000    0
 1133    9857.82200    0
 1134   11842.64000    0
 1135    9108.33500    0
 1136   11775.74000    0
 1137   12044.33000    0
 1138   12875.09000    0
 1139    3032.13500    0
 1141    6248.75100    0
 1142    3384.71900    0
 1143    3779.26000    0
 1144    2805.18100    0
 1145    4998.07500    0
 1146    6439.89100    0
 1147    6916.08500    0
 1148    5805.36900    0
 1149    3318.82700    0
 1150    3833.96500    0
 1151    4295.52800    0
 1152   10163.21000    0
 1153    7966.59900    0
 1154    7839.27100    0
 1155    5224.48000    0
 1156    7064.12400    0
 1157    8979.93500    0
 1158    5074.37300    0
 1159    8941.74600    0
 1160    9279.95200    0
 1161    7894.20800    0
 1162    1460.39600    0
 1163     914.28950    0
 1164    7387.02500    0
 1201    5639.28900    0
 1202     428.41770    0
 1203     234.96570    1
 1204    1294.89900    0
 1205    9300.10500    0
 1206     358.11640    0
 1207    6616.29800    0
 1208     934.79520    0
 1209     173.56020    1
 1210     622.10130    0
 1211    1504.69400    0
 1213     915.76150    0
 1214    1126.69100    0
 1215     690.45800    0
 1216   16659.26000    0
 1217    2163.55600    0
 1218    2022.65100    0
 1219     757.83960    0
 1220   18585.17000    0
 1221    1864.38900    0
 1222    1482.51900    0
 1223    8982.42100    0
 1224    2535.78500    0
 1225    1414.99200    0
 1226    3350.23700    0
 1228   11458.98000    0
 1229    9811.38000    0
 1230   12023.86000    0
 1231    8864.94800    0
 1232    9589.19000    0
 1233    9230.92000    0
 1234   10539.28000    0
 1235    7861.94900    0
 1236   10363.36000    0
 1237   10550.69000    0
 1238   11370.44000    0
 1239    1738.73200    0
 1241    5110.60000    0
 1242    3283.52200    0
 1243    2312.51800    0
 1244    1779.17200    0
 1245    4758.99600    0
 1246    5230.13900    0
 1247    6672.69300    0
 1248    5705.86800    0
 1249    4070.06900    0
 1250    4337.86000    0
 1251    4667.06900    0
 1252   11366.91000    0
 1253    9457.65500    0
 1254    9292.25000    0
 1255    6362.54800    0
 1256    8566.17200    0
 1257   10197.50000    0
 1258    5977.03400    0
 1259   10403.45000    0
 1260   10509.14000    0
 1261    9183.76600    0
 1262    1146.95300    0
 1263    1092.47800    0
 1264    8887.23200    0
 1301    5604.10300    0
 1302    1342.90000    0
 1303    1047.51400    0
 1304    2008.77500    0
 1305    8414.40400    0
 1306    1155.29700    0
 1307    6505.22600    0
 1308    1353.51700    0
 1309    1088.17400    0
 1310     485.31790    0
 1311     789.12330    1
 1312     915.76150    0
 1314     415.71970    0
 1315    1556.22500    1
 1316   15965.29000    0
 1317    2608.20900    0
 1318    1748.79800    0
 1319    1267.02800    0
 1320   17689.01000    0
 1321    2741.45800    0
 1322    2391.58100    0
 1323    9666.98600    0
 1324    2702.93600    0
 1325    1800.31600    0
 1326    3617.20500    0
 1328   12262.11000    0
 1329   10640.84000    0
 1330   12742.77000    0
 1331    9285.92800    0
 1332    9996.02900    0
 1333    9208.22100    0
 1334   11053.52000    0
 1335    8320.12600    0
 1336   10998.01000    0
 1337   11317.91000    0
 1338   12187.06000    0
 1339    2632.88500    0
 1341    5983.41100    0
 1342    3660.71900    0
 1343    3218.75400    0
 1344    2573.20800    0
 1345    5239.67100    0
 1346    6122.21700    0
 1347    7176.95000    0
 1348    6124.76100    0
 1349    3959.61900    0
 1350    4388.71600    0
 1351    4803.75900    0
 1352   10948.01000    0
 1353    8697.19800    0
 1354    8602.50900    0
 1355    5992.32100    0
 1356    7724.30900    0
 1357    9765.03000    0
 1358    5783.23600    0
 1359    9698.23100    0
 1360   10066.24000    0
 1361    8683.09600    0
 1362    1484.29700    0
 1363    1062.06400    0
 1364    8100.25000    0
 1401    5998.97300    0
 1402    1544.39700    0
 1403    1181.73700    0
 1404    1978.07900    0
 1405    8179.45200    0
 1406    1433.45900    0
 1407    6885.21600    0
 1408    1243.97200    0
 1409    1283.01800    0
 1410     522.54210    1
 1411     398.55450    1
 1412    1126.69100    0
 1413     415.71970    0
 1415    1660.78900    0
 1416   15612.61000    0
 1417    2410.63200    0
 1418    2135.73200    0
 1419    1629.32000    0
 1420   17461.24000    0
 1421    2991.07700    0
 1422    2595.85400    0
 1423    9515.47500    0
 1424    2396.41600    0
 1425    1622.25000    0
 1426    3325.04000    0
 1428   12574.76000    0
 1429   10934.33000    0
 1430   13098.20000    0
 1431    9697.64500    0
 1432   10409.01000    0
 1433    9597.05400    0
 1434   11457.09000    0
 1435    8728.06200    0
 1436   11378.51000    0
 1437   11650.37000    0
 1438   12490.59000    0
 1439    2732.00000    0
 1441    6016.97100    0
 1442    3408.21900    0
 1443    3425.68900    0
 1444    2571.16000    0
 1445    5009.88000    0
 1446    6186.02200    0
 1447    6943.34700    0
 1448    5862.16900    0
 1449    3567.84100    0
 1450    4026.02000    0
 1451    4459.23100    0
 1452   10536.26000    0
 1453    8361.35800    0
 1454    8237.81600    0
 1455    5576.71400    0
 1456    7440.46100    0
 1457    9353.60700    0
 1458    5375.23500    0
 1459    9340.04600    0
 1460    9655.80900    0
 1461    8277.56200    0
 1462    1318.78800    0
 1463     809.48910    0
 1464    7778.00900    0
 1501    6049.44200    0
 1502     413.50570    1
 1503     509.22380    1
 1504     695.55120    1
 1505    9802.96700    0
 1506     747.58300    0
 1507    7056.79100    0
 1508     802.12320    1
 1509     533.06070    0
 1510    1144.57500    0
 1511    1982.46000    0
 1512     690.45800    0
 1513    1556.22500    1
 1514    1660.78900    0
 1516   16788.46000    0
 1517    1709.23700    0
 1518    2637.02700    0
 1519    1191.61600    0
 1520   18970.13000    0
 1521    1503.30300    0
 1522    1024.97500    0
 1523    8310.28000    0
 1524    2267.74500    0
 1525    1126.54800    0
 1526    2958.14300    0
 1528   11078.05000    0
 1529    9406.26500    0
 1530   11735.91000    0
 1531    8897.05300    0
 1532    9623.90100    0
 1533    9587.57300    0
 1534   10468.41000    0
 1535    7875.37600    0
 1536   10180.24000    0
 1537   10221.41000    0
 1538   10972.61000    0
 1539    1079.56800    0
 1541    4432.26100    0
 1542    2816.58400    0
 1543    1821.97000    0
 1544    1098.09700    0
 1545    4194.26000    0
 1546    4565.99700    0
 1547    6078.12200    0
 1548    5164.34700    0
 1549    3923.81900    0
 1550    4063.80100    0
 1551    4322.97700    0
 1552   11330.43000    0
 1553    9779.08100    0
 1554    9536.13000    0
 1555    6356.46900    0
 1556    8999.67800    0
 1557   10187.71000    0
 1558    5840.75300    0
 1559   10653.15000    0
 1560   10504.36000    0
 1561    9246.32200    0
 1562     992.60070    0
 1563    1267.59900    0
 1564    9245.44100    0
 1601   15880.05000    0
 1602   16977.86000    0
 1603   16584.78000    0
 1604   16337.51000    0
 1605    7835.41500    0
 1606   17010.38000    0
 1607   14891.27000    0
 1608   15991.72000    0
 1609   16762.97000    0
 1610   16056.18000    0
 1611   15214.32000    0
 1612   16659.26000    0
 1613   15965.29000    0
 1614   15612.61000    0
 1615   16788.46000    0
 1617   15340.30000    0
 1618   16632.77000    0
 1619   17232.28000    0
 1620    2228.78100    0
 1621   18193.94000    0
 1622   17699.90000    0
 1623   11076.67000    0
 1624   14613.47000    0
 1625   15691.56000    0
 1626   14140.92000    0
 1628   11808.82000    0
 1629   13370.91000    0
 1630   11356.64000    0
 1631   14338.21000    0
 1632   13615.64000    0
 1633   12982.84000    0
 1634   12810.85000    0
 1635   15365.69000    0
 1636   13045.00000    0
 1637   12777.63000    0
 1638   11865.73000    0
 1639   17137.50000    0
 1641   15530.20000    0
 1642   14428.62000    0
 1643   18073.83000    0
 1644   16504.26000    0
 1645   13605.56000    0
 1646   15717.17000    0
 1647   12162.67000    0
 1648   12650.21000    0
 1649   12918.63000    0
 1650   12916.20000    0
 1651   12788.84000    0
 1652    5508.13500    0
 1653    7272.32600    0
 1654    7376.92300    0
 1655   10437.97000    0
 1656    8337.69300    0
 1657    6622.37500    0
 1658   11026.64000    0
 1659    6272.57600    0
 1660    6304.53700    0
 1661    7542.15500    0
 1662   15795.90000    0
 1663   15610.05000    0
 1664    7882.98600    0
 1701    7752.75700    0
 1702    2099.98800    0
 1703    1931.76400    0
 1704    1053.23400    0
 1705    9517.78500    0
 1706    2393.20400    0
 1707    8751.96100    0
 1708    1283.68700    0
 1709    2091.60100    0
 1710    2137.30800    0
 1711    2470.54600    0
 1712    2163.55600    0
 1713    2608.20900    0
 1714    2410.63200    0
 1715    1709.23700    0
 1716   15340.30000    0
 1718    4167.57200    0
 1719    2856.58600    0
 1720   17537.31000    0
 1721    2854.45600    0
 1722    2370.65600    0
 1723    7108.61300    0
 1724     819.29630    1
 1725     808.58660    1
 1726    1255.99200    0
 1728   11702.43000    0
 1729   10034.40000    0
 1730   12569.65000    0
 1731   10383.84000    0
 1732   11102.10000    0
 1733   11295.94000    0
 1734   11778.31000    0
 1735    9356.68100    0
 1736   11298.64000    0
 1737   11016.54000    0
 1738   11554.48000    0
 1739    1830.28900    0
 1741    4066.77300    0
 1742    1121.81800    0
 1743    2854.63800    0
 1744    1204.33300    0
 1745    2636.89000    0
 1746    4347.53100    0
 1747    4572.57800    0
 1748    3554.52400    0
 1749    2472.13100    0
 1750    2430.61400    0
 1751    2630.80300    0
 1752    9835.33100    0
 1753    8965.88900    0
 1754    8553.31900    0
 1755    5013.49000    0
 1756    8524.92300    0
 1757    8745.50700    0
 1758    4320.93000    0
 1759    9643.90200    0
 1760    9063.04200    0
 1761    7930.92000    0
 1762    1124.80000    0
 1763    1602.02800    0
 1764    8547.45000    0
 1801    3864.39400    0
 1802    2234.09700    0
 1803    2257.52400    0
 1804    3305.01700    0
 1805    8804.81000    0
 1806    1893.15100    0
 1807    4756.55900    0
 1808    2892.24000    0
 1809    2131.80500    0
 1810    2110.59900    0
 1811    2420.29400    0
 1812    2022.65100    0
 1813    1748.79800    0
 1814    2135.73200    0
 1815    2637.02700    0
 1816   16632.77000    0
 1817    4167.57200    0
 1819    1498.48300    0
 1820   17271.88000    0
 1821    2954.08700    0
 1822    2896.92500    0
 1823   10907.27000    0
 1824    4409.53500    0
 1825    3381.78400    0
 1826    5294.56900    0
 1828   11447.99000    0
 1829    9991.83600    0
 1830   11668.07000    0
 1831    7811.81900    0
 1832    8491.58100    0
 1833    7461.89500    0
 1834    9659.10900    0
 1835    6916.09700    0
 1836    9801.65900    0
 1837   10425.30000    0
 1838   11424.81000    0
 1839    3472.55600    0
 1841    6731.71400    0
 1842    5276.90700    0
 1843    3538.29400    0
 1844    3718.73800    0
 1845    6780.76300    0
 1846    6750.21000    0
 1847    8694.68600    0
 1848    7720.70200    0
 1849    5703.29700    0
 1850    6133.64000    0
 1851    6535.04200    0
 1852   12420.27000    0
 1853    9610.37800    0
 1854    9698.65600    0
 1855    7600.61400    0
 1856    8388.57600    0
 1857   11245.93000    0
 1858    7494.43000    0
 1859   10721.08000    0
 1860   11528.65000    0
 1861   10102.76000    0
 1862    3078.72600    0
 1863    2772.70000    0
 1864    8955.30100    0
 1901    4905.48600    0
 1902     778.20230    0
 1903     957.14400    0
 1904    1885.43800    0
 1905    9596.08700    0
 1906     463.45290    1
 1907    5896.46800    0
 1908    1682.88800    0
 1909     774.57160    0
 1910    1240.50600    0
 1911    2027.45700    0
 1912     757.83960    0
 1913    1267.02800    0
 1914    1629.32000    0
 1915    1191.61600    0
 1916   17232.28000    0
 1917    2856.58600    0
 1918    1498.48300    0
 1920   18692.46000    0
 1921    1641.66700    0
 1922    1452.41800    0
 1923    9408.80400    0
 1924    3286.09000    0
 1925    2150.14500    0
 1926    4075.55500    0
 1928   11004.34000    0
 1929    9398.29200    0
 1930   11477.19000    0
 1931    8147.94900    0
 1932    8869.21500    0
 1933    8484.97400    0
 1934    9860.08900    0
 1935    7155.46200    0
 1936    9749.90900    0
 1937   10052.59000    0
 1938   10934.80000    0
 1939    1977.89100    0
 1941    5290.82200    0
 1942    3977.08400    0
 1943    2197.00100    0
 1944    2236.62700    0
 1945    5385.80700    0
 1946    5346.57200    0
 1947    7265.64900    0
 1948    6354.11000    0
 1949    4825.99500    0
 1950    5091.76100    0
 1951    5409.64100    0
 1952   12084.90000    0
 1953    9963.28600    0
 1954    9864.56500    0
 1955    7084.79400    0
 1956    8961.76100    0
 1957   10909.15000    0
 1958    6729.49800    0
 1959   10963.29000    0
 1960   11217.89000    0
 1961    9868.24600    0
 1962    1898.19000    0
 1963    1826.83400    0
 1964    9362.35900    0
 2001   14497.88000    0
 2002   19004.93000    0
 2003   18620.44000    0
 2004   18561.93000    0
 2005    9285.12200    0
 2006   18833.90000    0
 2007   13462.86000    0
 2008   18171.40000    0
 2009   18744.14000    0
 2010   17977.37000    0
 2011   17094.11000    0
 2012   18585.17000    0
 2013   17689.01000    0
 2014   17461.24000    0
 2015   18970.13000    0
 2016    2228.78100    0
 2017   17537.31000    0
 2018   17271.88000    0
 2019   18692.46000    0
 2021   19593.46000    0
 2022   19870.60000    0
 2023   11815.36000    0
 2024   16838.81000    0
 2025   17915.59000    0
 2026   16301.19000    0
 2028    9987.45000    0
 2029   11649.00000    0
 2030    9356.69800    0
 2031   12113.85000    0
 2032   11389.68000    0
 2033   11110.40000    0
 2034   10599.94000    0
 2035   13140.67000    0
 2036   10914.77000    0
 2037   10863.47000    0
 2038   10084.95000    0
 2039   19160.93000    0
 2041   16062.49000    0
 2042   16538.08000    0
 2043   19153.76000    0
 2044   18614.24000    0
 2045   15421.47000    0
 2046   16024.07000    0
 2047   13678.08000    0
 2048   14429.96000    0
 2049   15146.21000    0
 2050   15107.26000    0
 2051   14927.45000    0
 2052    7730.63200    0
 2053    9202.02200    0
 2054    9434.26300    0
 2055   12662.02000    0
 2056   10031.44000    0
 2057    8851.10600    0
 2058   13247.16000    0
 2059    8317.25800    0
 2060    8533.29100    0
 2061    9755.45100    0
 2062   17992.31000    0
 2063   17712.75000    0
 2064    9747.51300    0
 2101    5392.38000    0
 2102    1454.38000    0
 2103    1845.88500    0
 2104    1863.35600    0
 2105   11155.38000    0
 2106    1586.51800    0
 2107    6429.29500    0
 2108    2299.79200    0
 2109    1712.14000    0
 2110    2480.03300    0
 2111    3364.77300    0
 2112    1864.38900    0
 2113    2741.45800    0
 2114    2991.07700    0
 2115    1503.30300    0
 2116   18193.94000    0
 2117    2854.45600    0
 2118    2954.08700    0
 2119    1641.66700    0
 2120   19593.46000    0
 2122     503.68050    1
 2123    8158.68700    0
 2124    3584.96100    0
 2125    2536.42600    0
 2126    4066.13000    0
 2128    9611.79100    0
 2129    7953.84400    0
 2130   10236.81000    0
 2131    7534.97000    0
 2132    8256.46900    0
 2133    8683.80800    0
 2134    9016.18300    0
 2135    6507.41500    0
 2136    8684.22200    0
 2137    8731.19700    0
 2138    9516.55900    0
 2139    1092.67300    0
 2141    3805.72100    0
 2142    3799.90000    0
 2143     584.43710    0
 2144    1709.84100    0
 2145    4802.31700    0
 2146    3799.45700    0
 2147    6467.18300    0
 2148    5789.06400    0
 2149    5281.52800    0
 2150    5281.67000    0
 2151    5430.14600    0
 2152   12686.10000    0
 2153   11271.70000    0
 2154   11039.43000    0
 2155    7782.87200    0
 2156   10428.87000    0
 2157   11579.13000    0
 2158    7167.78800    0
 2159   12156.45000    0
 2160   11897.11000    0
 2161   10695.47000    0
 2162    2474.87600    0
 2163    2761.72000    0
 2164   10723.67000    0
 2201    5698.18000    0
 2202    1055.16300    0
 2203    1421.17200    0
 2204    1363.06700    0
 2205   10775.13000    0
 2206    1265.48300    0
 2207    6733.44500    0
 2208    1810.10800    0
 2209    1316.49200    0
 2210    2075.20700    0
 2211    2952.89600    0
 2212    1482.51900    0
 2213    2391.58100    0
 2214    2595.85400    0
 2215    1024.97500    0
 2216   17699.90000    0
 2217    2370.65600    0
 2218    2896.92500    0
 2219    1452.41800    0
 2220   19870.60000    0
 2221     503.68050    1
 2223    8066.83500    0
 2224    3086.66000    0
 2225    2032.98500    0
 2226    3598.43500    0
 2228   10057.79000    0
 2229    8389.83100    0
 2230   10712.25000    0
 2231    8029.70000    0
 2232    8752.45500    0
 2233    9077.13700    0
 2234    9519.86300    0
 2235    7002.29700    0
 2236    9181.41100    0
 2237    9196.43600    0
 2238    9955.57800    0
 2239     710.39270    0
 2241    3843.77900    0
 2242    3352.59800    0
 2243     830.51150    0
 2244    1269.33200    0
 2245    4451.84400    0
 2246    3894.25600    0
 2247    6192.52400    0
 2248    5443.24600    0
 2249    4782.35100    0
 2250    4801.13800    0
 2251    4969.76600    0
 2252   12192.50000    0
 2253   10804.01000    0
 2254   10552.40000    0
 2255    7279.66100    0
 2256   10006.44000    0
 2257   11079.90000    0
 2258    6674.13400    0
 2259   11669.19000    0
 2260   11397.86000    0
 2261   10191.81000    0
 2262    1978.67200    0
 2263    2292.23900    0
 2264   10268.83000    0
 2301   13072.01000    0
 2302    8693.44100    0
 2303    8761.39100    0
 2304    7700.61300    0
 2305   13525.04000    0
 2306    9032.57500    0
 2307   13977.51000    0
 2308    8314.66400    0
 2309    8840.01000    0
 2310    9181.94700    0
 2311    9566.99500    0
 2312    8982.42100    0
 2313    9666.98600    0
 2314    9515.47500    0
 2315    8310.28000    0
 2316   11076.67000    0
 2317    7108.61300    0
 2318   10907.27000    0
 2319    9408.80400    0
 2320   11815.36000    0
 2321    8158.68700    0
 2322    8066.83500    0
 2324    7326.79400    0
 2325    7894.48700    0
 2326    6445.48800    0
 2328    8137.70500    0
 2329    7460.71600    0
 2330    9223.78200    0
 2331   11466.41000    0
 2332   11672.37000    0
 2333   14607.95000    0
 2334   10915.95000    0
 2335   11026.50000    0
 2336    9836.05000    0
 2337    8441.08500    0
 2338    7931.71100    0
 2339    7441.21000    0
 2341    4474.58600    0
 2342    6219.23800    0
 2343    7612.33600    0
 2344    7212.51700    0
 2345    4626.50900    0
 2346    4640.71200    0
 2347    2876.79600    0
 2348    4035.90500    0
 2349    7260.44200    0
 2350    6490.29700    0
 2351    5952.25100    0
 2352    8581.83200    0
 2353   11506.09000    0
 2354   10696.49000    0
 2355    8003.67000    0
 2356   12464.91000    0
 2357    8531.00000    0
 2358    7015.86400    0
 2359   10993.14000    0
 2360    8648.59800    0
 2361    8979.31500    0
 2362    8203.48300    0
 2363    8709.47300    0
 2364   11744.27000    0
 2401    8168.70800    0
 2402    2601.68100    0
 2403    2329.25100    0
 2404    1724.12600    0
 2405    8774.87300    0
 2406    2835.58500    0
 2407    9129.03400    0
 2408    1603.24700    0
 2409    2516.60600    0
 2410    2299.00200    0
 2411    2317.81100    0
 2412    2535.78500    0
 2413    2702.93600    0
 2414    2396.41600    0
 2415    2267.74500    0
 2416   14613.47000    0
 2417     819.29630    1
 2418    4409.53500    0
 2419    3286.09000    0
 2420   16838.81000    0
 2421    3584.96100    0
 2422    3086.66000    0
 2423    7326.79400    0
 2425    1151.97900    0
 2426     933.57330    0
 2428   12495.85000    0
 2429   10835.39000    0
 2430   13382.07000    0
 2431   11115.11000    0
 2432   11838.69000    0
 2433   11766.37000    0
 2434   12568.10000    0
 2435   10088.03000    0
 2436   12113.07000    0
 2437   11829.67000    0
 2438   12342.74000    0
 2439    2613.45300    0
 2441    4748.18500    0
 2442    1109.78400    0
 2443    3642.03100    0
 2444    2004.30800    0
 2445    2708.49000    0
 2446    5058.45300    0
 2447    4605.00400    0
 2448    3487.55800    0
 2449    1696.86600    1
 2450    1809.16700    0
 2451    2138.58800    0
 2452    9108.17800    0
 2453    8151.68200    0
 2454    7734.02400    0
 2455    4220.98000    0
 2456    7753.46100    0
 2457    7994.18100    0
 2458    3592.88800    0
 2459    8825.26300    0
 2460    8312.16200    0
 2461    7141.45600    0
 2462    1388.93500    0
 2463    1644.05600    0
 2464    7744.21600    0
 2501    7051.88800    0
 2502    1449.73400    0
 2503    1195.35100    0
 2504     725.72100    1
 2505    9186.39800    0
 2506    1692.99600    0
 2507    8031.28000    0
 2508     490.38730    1
 2509    1376.01400    0
 2510    1328.88900    0
 2511    1732.26000    0
 2512    1414.99200    0
 2513    1800.31600    0
 2514    1622.25000    0
 2515    1126.54800    0
 2516   15691.56000    0
 2517     808.58660    1
 2518    3381.78400    0
 2519    2150.14500    0
 2520   17915.59000    0
 2521    2536.42600    0
 2522    2032.98500    0
 2523    7894.48700    0
 2524    1151.97900    0
 2526    1935.69400    0
 2528   11883.13000    0
 2529   10199.96000    0
 2530   12645.95000    0
 2531   10016.63000    0
 2532   10743.02000    0
 2533   10634.72000    0
 2534   11551.50000    0
 2535    8992.83800    0
 2536   11198.55000    0
 2537   11102.66000    0
 2538   11755.32000    0
 2539    1716.12600    0
 2541    4583.16100    0
 2542    1896.01400    0
 2543    2705.12700    0
 2544    1244.87100    0
 2545    3444.57000    0
 2546    4813.58400    0
 2547    5380.85100    0
 2548    4352.03700    0
 2549    2797.92300    0
 2550    2959.79500    0
 2551    3259.64200    0
 2552   10209.86000    0
 2553    8889.17900    0
 2554    8569.85000    0
 2555    5254.25000    0
 2556    8272.19300    0
 2557    9074.40500    0
 2558    4714.27500    0
 2559    9682.36500    0
 2560    9391.73100    0
 2561    8160.70800    0
 2562     316.24060    1
 2563     826.29500    0
 2564    8406.32500    0
 2601    8981.03400    0
 2602    3338.08800    0
 2603    3127.47100    0
 2604    2308.86900    0
 2605    9160.21000    0
 2606    3613.63200    0
 2607    9966.19800    0
 2608    2422.59100    0
 2609    3301.83100    0
 2610    3192.65300    0
 2611    3250.55300    0
 2612    3350.23700    0
 2613    3617.20500    0
 2614    3325.04000    0
 2615    2958.14300    0
 2616   14140.92000    0
 2617    1255.99200    0
 2618    5294.56900    0
 2619    4075.55500    0
 2620   16301.19000    0
 2621    4066.13000    0
 2622    3598.43500    0
 2623    6445.48800    0
 2624     933.57330    0
 2625    1935.69400    0
 2628   12255.80000    0
 2629   10653.86000    0
 2630   13242.67000    0
 2631   11550.15000    0
 2632   12257.64000    0
 2633   12544.45000    0
 2634   12817.59000    0
 2635   10527.75000    0
 2636   12217.16000    0
 2637   11718.15000    0
 2638   12082.94000    0
 2639    2997.54800    0
 2641    4344.65100    0
 2642     425.62920    1
 2643    3987.22900    0
 2644    2363.35000    0
 2645    1820.05800    0
 2646    4702.02500    0
 2647    3682.25800    0
 2648    2555.46300    0
 2649    1559.18600    0
 2650    1247.87100    0
 2651    1376.63100    0
 2652    8663.05700    0
 2653    8253.29200    0
 2654    7734.11900    0
 2655    4028.29600    0
 2656    8072.63700    0
 2657    7613.54700    0
 2658    3198.24400    0
 2659    8776.55100    0
 2660    7928.37100    0
 2661    6893.61300    0
 2662    2222.74300    0
 2663    2555.14300    0
 2664    7932.07900    0
 2801    9073.77200    0
 2802   11063.63000    0
 2803   11457.63000    0
 2804   11165.22000    0
 2805   18374.08000    0
 2806   11141.30000    0
 2807    9018.50100    0
 2808   11824.23000    0
 2809   11317.26000    0
 2810   12080.84000    0
 2811   12962.50000    0
 2812   11458.98000    0
 2813   12262.11000    0
 2814   12574.76000    0
 2815   11078.05000    0
 2816   11808.82000    0
 2817   11702.43000    0
 2818   11447.99000    0
 2819   11004.34000    0
 2820    9987.45000    0
 2821    9611.79100    0
 2822   10057.79000    0
 2823    8137.70500    0
 2824   12495.85000    0
 2825   11883.13000    0
 2826   12255.80000    0
 2829    1683.23000    1
 2830    1133.46100    1
 2831    4660.79600    0
 2832    4358.45000    0
 2833    7392.74500    0
 2834    3136.02200    0
 2835    5098.55600    0
 2836    2234.56600    1
 2837    1041.52800    1
 2838     209.68850    1
 2839   10179.31000    0
 2841    7924.30700    0
 2842   11830.88000    0
 2843    9261.18900    0
 2844   10655.86000    0
 2845   11082.51000    0
 2846    7556.06200    0
 2847   10417.87000    0
 2848   11238.25000    0
 2849   13796.12000    0
 2850   13219.29000    0
 2851   12868.78000    0
 2852   15239.24000    0
 2853   18971.07000    0
 2854   18482.32000    0
 2855   15810.84000    0
 2856   19443.12000    0
 2857   15977.55000    0
 2858   14720.27000    0
 2859   17805.46000    0
 2860   15895.34000    0
 2861   16894.53000    0
 2862   11950.75000    0
 2863   12343.05000    0
 2864   19645.93000    0
 2901    8220.26700    0
 2902    9408.11800    0
 2903    9798.38500    0
 2904    9482.04200    0
 2905   18546.62000    0
 2906    9503.80100    0
 2907    8415.81800    0
 2908   10144.97000    0
 2909    9664.60500    0
 2910   10431.41000    0
 2911   11315.87000    0
 2912    9811.38000    0
 2913   10640.84000    0
 2914   10934.33000    0
 2915    9406.26500    0
 2916   13370.91000    0
 2917   10034.40000    0
 2918    9991.83600    0
 2919    9398.29200    0
 2920   11649.00000    0
 2921    7953.84400    0
 2922    8389.83100    0
 2923    7460.71600    0
 2924   10835.39000    0
 2925   10199.96000    0
 2926   10653.86000    0
 2928    1683.23000    1
 2930    2589.97100    0
 2931    4323.49700    1
 2932    4311.62800    0
 2933    7438.49000    0
 2934    3459.23200    1
 2935    4385.34800    1
 2936    2380.70300    1
 2937    1136.15200    1
 2938    1566.39500    1
 2939    8496.55800    0
 2941    6373.69000    0
 2942   10228.37000    0
 2943    7586.23000    0
 2944    8974.14800    0
 2945    9641.49600    0
 2946    5987.33400    0
 2947    9289.95900    0
 2948    9945.33300    0
 2949   12209.75000    0
 2950   11692.62000    0
 2951   11398.08000    0
 2952   15644.12000    0
 2953   18817.15000    0
 2954   18059.94000    0
 2955   14438.56000    0
 2956   18357.70000    0
 2957   15941.59000    0
 2958   13369.34000    0
 2959   18395.72000    0
 2960   15999.39000    0
 2961   16411.07000    0
 2962   10268.89000    0
 2963   10668.37000    0
 2964   18578.18000    0
 3001    8792.53900    0
 3002   11659.25000    0
 3003   12059.56000    0
 3004   11920.26000    0
 3005   17244.93000    0
 3006   11683.91000    0
 3007    8562.19700    0
 3008   12517.44000    0
 3009   11899.75000    0
 3010   12640.28000    0
 3011   13496.12000    0
 3012   12023.86000    0
 3013   12742.77000    0
 3014   13098.20000    0
 3015   11735.91000    0
 3016   11356.64000    0
 3017   12569.65000    0
 3018   11668.07000    0
 3019   11477.19000    0
 3020    9356.69800    0
 3021   10236.81000    0
 3022   10712.25000    0
 3023    9223.78200    0
 3024   13382.07000    0
 3025   12645.95000    0
 3026   13242.67000    0
 3028    1133.46100    1
 3029    2589.97100    0
 3031    4250.23600    0
 3032    3788.50000    0
 3033    6614.17100    0
 3034    2468.72500    1
 3035    4907.75400    0
 3036    1903.34100    1
 3037    1553.36600    0
 3038    1342.09000    0
 3039   10930.05000    0
 3041    8954.06900    0
 3042   12817.34000    0
 3043    9957.21200    0
 3044   11457.32000    0
 3045   12173.38000    0
 3046    8572.49500    0
 3047   11551.15000    0
 3048   12364.08000    0
 3049   14799.48000    0
 3050   14272.22000    0
 3051   13951.58000    0
 3052   15616.56000    0
 3053   18529.38000    0
 3054   18700.28000    0
 3055   16934.66000    0
 3056   18371.99000    0
 3057   16571.25000    0
 3058   15844.49000    0
 3059   17626.71000    0
 3060   16408.38000    0
 3061   17666.88000    0
 3062   12668.65000    0
 3063   12998.52000    0
 3064   18873.07000    0
 3101    4545.61500    0
 3102    8639.06300    0
 3103    9000.08900    0
 3104    9391.10200    0
 3105   14326.11000    0
 3106    8509.84400    0
 3107    4362.45900    0
 3108    9668.84400    0
 3109    8807.12500    0
 3110    9385.18400    0
 3111   10070.75000    0
 3112    8864.94800    0
 3113    9285.92800    0
 3114    9697.64500    0
 3115    8897.05300    0
 3116   14338.21000    0
 3117   10383.84000    0
 3118    7811.81900    0
 3119    8147.94900    0
 3120   12113.85000    0
 3121    7534.97000    0
 3122    8029.70000    0
 3123   11466.41000    0
 3124   11115.11000    0
 3125   10016.63000    0
 3126   11550.15000    0
 3128    4660.79600    0
 3129    4323.49700    1
 3130    4250.23600    0
 3132     727.01800    1
 3133    3179.32400    0
 3134    1882.00400    1
 3135    1027.55500    1
 3136    2437.51500    0
 3137    3768.20600    0
 3138    4777.70200    0
 3139    8564.56700    0
 3141    8576.65300    0
 3142   11223.01000    0
 3143    7562.98700    0
 3144    9199.93400    0
 3145   11647.97000    0
 3146    8184.39200    0
 3147   12346.98000    0
 3148   12424.48000    0
 3149   12807.01000    0
 3150   12792.02000    0
 3151   12855.19000    0
 3152   19834.04000    0
 3153   16328.43000    0
 3154   16913.49000    0
 3155   15227.30000    0
 3156   14858.11000    0
 3157   19050.57000    0
 3158   14702.69000    0
 3159   17326.85000    0
 3160   19340.03000    0
 3161   17906.32000    0
 3162    9877.14200    0
 3163    9957.42300    0
 3164   15733.28000    0
 3201    5086.46900    0
 3202    9365.76200    0
 3203    9725.92000    0
 3204   10114.56000    0
 3205   14444.16000    0
 3206    9234.54900    0
 3207    4774.82700    0
 3208   10395.80000    0
 3209    9532.76900    0
 3210   10104.92000    0
 3211   10778.52000    0
 3212    9589.19000    0
 3213    9996.02900    0
 3214   10409.01000    0
 3215    9623.90100    0
 3216   13615.64000    0
 3217   11102.10000    0
 3218    8491.58100    0
 3219    8869.21500    0
 3220   11389.68000    0
 3221    8256.46900    0
 3222    8752.45500    0
 3223   11672.37000    0
 3224   11838.69000    0
 3225   10743.02000    0
 3226   12257.64000    0
 3228    4358.45000    0
 3229    4311.62800    0
 3230    3788.50000    0
 3231     727.01800    1
 3233    3137.89600    0
 3234    1326.74900    1
 3235    1751.13200    0
 3236    2138.71400    0
 3237    3576.43400    0
 3238    4501.48400    0
 3239    9279.29100    0
 3241    9122.11100    0
 3242   11922.55000    0
 3243    8272.45000    0
 3244    9914.10800    0
 3245   12274.81000    0
 3246    8721.52200    0
 3247   12833.37000    0
 3248   13008.00000    0
 3249   13531.88000    0
 3250   13502.40000    0
 3251   13547.39000    0
 3252   19111.26000    0
 3253   16531.21000    0
 3254   17223.46000    0
 3255   15951.70000    0
 3256   15122.04000    0
 3257   19704.91000    0
 3258   15422.73000    0
 3259   17357.67000    0
 3260   19746.79000    0
 3261   18523.85000    0
 3262   10604.16000    0
 3263   10681.63000    0
 3264   16006.60000    0
 3301    3610.22700    0
 3302    9207.14900    0
 3303    9441.61600    0
 3304   10252.96000    0
 3305   11311.68000    0
 3306    8942.10000    0
 3307    2728.52000    1
 3308   10164.99000    0
 3309    9258.71300    0
 3310    9523.54800    0
 3311    9857.82200    0
 3312    9230.92000    0
 3313    9208.22100    0
 3314    9597.05400    0
 3315    9587.57300    0
 3316   12982.84000    0
 3317   11295.94000    0
 3318    7461.89500    0
 3319    8484.97400    0
 3320   11110.40000    0
 3321    8683.80800    0
 3322    9077.13700    0
 3323   14607.95000    0
 3324   11766.37000    0
 3325   10634.72000    0
 3326   12544.45000    0
 3328    7392.74500    0
 3329    7438.49000    0
 3330    6614.17100    0
 3331    3179.32400    0
 3332    3137.89600    0
 3334    4257.16300    0
 3335    3597.78300    0
 3336    5240.96200    0
 3337    6698.33600    0
 3338    7557.29100    0
 3339    9766.61700    0
 3341   11081.00000    0
 3342   12384.75000    0
 3343    8976.63400    0
 3344   10342.81000    0
 3345   13465.71000    0
 3346   10743.36000    0
 3347   14832.50000    0
 3348   14433.15000    0
 3349   13164.88000    0
 3350   13558.36000    0
 3351   13894.32000    0
 3352   16863.02000    0
 3353   13412.65000    0
 3354   14150.48000    0
 3355   14677.20000    0
 3356   12063.45000    0
 3357   16641.01000    0
 3358   14885.34000    0
 3359   14233.77000    0
 3360   16626.24000    0
 3361   15761.14000    0
 3362   10377.85000    0
 3363   10191.76000    0
 3364   12938.18000    0
 3401    6397.48500    0
 3402   10263.94000    0
 3403   10646.40000    0
 3404   10870.82000    0
 3405   15499.03000    0
 3406   10181.17000    0
 3407    6099.95400    0
 3408   11265.14000    0
 3409   10459.40000    0
 3410   11099.02000    0
 3411   11842.64000    0
 3412   10539.28000    0
 3413   11053.52000    0
 3414   11457.09000    0
 3415   10468.41000    0
 3416   12810.85000    0
 3417   11778.31000    0
 3418    9659.10900    0
 3419    9860.08900    0
 3420   10599.94000    0
 3421    9016.18300    0
 3422    9519.86300    0
 3423   10915.95000    0
 3424   12568.10000    0
 3425   11551.50000    0
 3426   12817.59000    0
 3428    3136.02200    0
 3429    3459.23200    1
 3430    2468.72500    1
 3431    1882.00400    1
 3432    1326.74900    1
 3433    4257.16300    0
 3435    2748.54100    0
 3436    1079.91300    1
 3437    2512.49900    0
 3438    3300.60700    0
 3439    9955.40700    0
 3441    9133.81200    0
 3442   12436.28000    0
 3443    8927.12200    0
 3444   10574.14000    0
 3445   12446.70000    0
 3446    8722.97000    0
 3447   12578.21000    0
 3448   13010.59000    0
 3449   14250.31000    0
 3450   14052.43000    0
 3451   13971.36000    0
 3452   17962.19000    0
 3453   17605.16000    0
 3454   18388.82000    0
 3455   16789.08000    0
 3456   16320.27000    0
 3457   19035.74000    0
 3458   16000.35000    0
 3459   18059.44000    0
 3460   18831.56000    0
 3461   19709.22000    0
 3462   11461.01000    0
 3463   11621.19000    0
 3464   17191.01000    0
 3501    3975.51200    0
 3502    7624.66800    0
 3503    7990.55400    0
 3504    8363.94500    0
 3505   14177.45000    0
 3506    7505.40600    0
 3507    4035.42800    0
 3508    8651.44900    0
 3509    7798.57200    0
 3510    8395.47100    0
 3511    9108.33500    0
 3512    7861.94900    0
 3513    8320.12600    0
 3514    8728.06200    0
 3515    7875.37600    0
 3516   15365.69000    0
 3517    9356.68100    0
 3518    6916.09700    0
 3519    7155.46200    0
 3520   13140.67000    0
 3521    6507.41500    0
 3522    7002.29700    0
 3523   11026.50000    0
 3524   10088.03000    0
 3525    8992.83800    0
 3526   10527.75000    0
 3528    5098.55600    0
 3529    4385.34800    1
 3530    4907.75400    0
 3531    1027.55500    1
 3532    1751.13200    0
 3533    3597.78300    0
 3534    2748.54100    0
 3536    3008.16600    0
 3537    4105.30900    0
 3538    5176.37900    0
 3539    7538.91200    0
 3541    7737.95900    0
 3542   10206.08000    0
 3543    6540.75100    0
 3544    8174.44400    0
 3545   10697.34000    0
 3546    7359.84500    0
 3547   11545.84000    0
 3548   11515.30000    0
 3549   11780.76000    0
 3550   11767.65000    0
 3551   11842.32000    0
 3552   19190.70000    0
 3553   15973.24000    0
 3554   16387.01000    0
 3555   14218.49000    0
 3556   14490.68000    0
 3557   18057.97000    0
 3558   13675.15000    0
 3559   17108.78000    0
 3560   18371.03000    0
 3561   16999.19000    0
 3562    8858.33500    0
 3563    8953.65600    0
 3564   15318.36000    0
 3601    6933.42900    0
 3602   10037.42000    0
 3603   10434.21000    0
 3604   10486.29000    0
 3605   16541.81000    0
 3606   10010.62000    0
 3607    6799.87700    0
 3608   10981.42000    0
 3609   10258.96000    0
 3610   10960.73000    0
 3611   11775.74000    0
 3612   10363.36000    0
 3613   10998.01000    0
 3614   11378.51000    0
 3615   10180.24000    0
 3616   13045.00000    0
 3617   11298.64000    0
 3618    9801.65900    0
 3619    9749.90900    0
 3620   10914.77000    0
 3621    8684.22200    0
 3622    9181.41100    0
 3623    9836.05000    0
 3624   12113.07000    0
 3625   11198.55000    0
 3626   12217.16000    0
 3628    2234.56600    1
 3629    2380.70300    1
 3630    1903.34100    1
 3631    2437.51500    0
 3632    2138.71400    0
 3633    5240.96200    0
 3634    1079.91300    1
 3635    3008.16600    0
 3637    1461.74800    1
 3638    2367.45900    0
 3639    9522.86000    0
 3641    8274.34900    0
 3642   11811.98000    0
 3643    8503.37400    0
 3644   10111.88000    0
 3645   11612.39000    0
 3646    7865.23700    0
 3647   11570.45000    0
 3648   12087.97000    0
 3649   13732.03000    0
 3650   13408.62000    0
 3651   13245.21000    0
 3652   17450.65000    0
 3653   18651.60000    0
 3654   19349.41000    0
 3655   16243.41000    0
 3656   17258.16000    0
 3657   18180.62000    0
 3658   15298.35000    0
 3659   19030.05000    0
 3660   18126.83000    0
 3661   18778.69000    0
 3662   11159.04000    0
 3663   11404.46000    0
 3664   18142.64000    0
 3701    8076.61000    0
 3702   10170.33000    0
 3703   10568.98000    0
 3704   10377.46000    0
 3705   18003.46000    0
 3706   10220.97000    0
 3707    8085.23900    0
 3708   10992.57000    0
 3709   10417.65000    0
 3710   11171.88000    0
 3711   12044.33000    0
 3712   10550.69000    0
 3713   11317.91000    0
 3714   11650.37000    0
 3715   10221.41000    0
 3716   12777.63000    0
 3717   11016.54000    0
 3718   10425.30000    0
 3719   10052.59000    0
 3720   10863.47000    0
 3721    8731.19700    0
 3722    9196.43600    0
 3723    8441.08500    0
 3724   11829.67000    0
 3725   11102.66000    0
 3726   11718.15000    0
 3728    1041.52800    1
 3729    1136.15200    1
 3730    1553.36600    0
 3731    3768.20600    0
 3732    3576.43400    0
 3733    6698.33600    0
 3734    2512.49900    0
 3735    4105.30900    0
 3736    1461.74800    1
 3738    1079.77700    0
 3739    9386.66000    0
 3741    7482.79900    0
 3742   11294.16000    0
 3743    8425.87800    0
 3744    9906.43900    0
 3745   10770.12000    0
 3746    7090.31500    0
 3747   10406.97000    0
 3748   11080.86000    0
 3749   13277.34000    0
 3750   12793.57000    0
 3751   12517.28000    0
 3752   16152.48000    0
 3753   19946.66000    0
 3754   19137.13000    0
 3755   15566.18000    0
 3756   18595.61000    0
 3757   16728.10000    0
 3758   14502.23000    0
 3759   18836.81000    0
 3760   16707.78000    0
 3761   17416.74000    0
 3762   11136.57000    0
 3763   11488.39000    0
 3764   19376.04000    0
 3801    9150.85800    0
 3802   10970.30000    0
 3803   11361.99000    0
 3804   11040.53000    0
 3805   18583.76000    0
 3806   11057.97000    0
 3807    9126.43200    0
 3808   11710.03000    0
 3809   11225.75000    0
 3810   11991.48000    0
 3811   12875.09000    0
 3812   11370.44000    0
 3813   12187.06000    0
 3814   12490.59000    0
 3815   10972.61000    0
 3816   11865.73000    0
 3817   11554.48000    0
 3818   11424.81000    0
 3819   10934.80000    0
 3820   10084.95000    0
 3821    9516.55900    0
 3822    9955.57800    0
 3823    7931.71100    0
 3824   12342.74000    0
 3825   11755.32000    0
 3826   12082.94000    0
 3828     209.68850    1
 3829    1566.39500    1
 3830    1342.09000    0
 3831    4777.70200    0
 3832    4501.48400    0
 3833    7557.29100    0
 3834    3300.60700    0
 3835    5176.37900    0
 3836    2367.45900    0
 3837    1079.77700    0
 3839   10057.62000    0
 3841    7745.98100    0
 3842   11658.58000    0
 3843    9152.60500    0
 3844   10523.00000    0
 3845   10887.62000    0
 3846    7381.27200    0
 3847   10209.06000    0
 3848   11033.71000    0
 3849   13618.07000    0
 3850   13031.79000    0
 3851   12675.01000    0
 3852   15128.46000    0
 3853   18917.10000    0
 3854   18342.97000    0
 3855   15606.15000    0
 3856   19620.67000    0
 3857   15829.32000    0
 3858   14515.75000    0
 3859   17757.05000    0
 3860   15759.38000    0
 3861   16717.21000    0
 3862   11831.47000    0
 3863   12234.68000    0
 3864   19556.50000    0
 3901    6408.40100    0
 3902    1346.13700    0
 3903    1585.77400    0
 3904     990.82100    0
 3905   10810.15000    0
 3906    1656.97200    0
 3907    7443.79600    0
 3908    1671.12600    0
 3909    1567.09400    0
 3910    2221.36900    0
 3911    3032.13500    0
 3912    1738.73200    0
 3913    2632.88500    0
 3914    2732.00000    0
 3915    1079.56800    0
 3916   17137.50000    0
 3917    1830.28900    0
 3918    3472.55600    0
 3919    1977.89100    0
 3920   19160.93000    0
 3921    1092.67300    0
 3922     710.39270    0
 3923    7441.21000    0
 3924    2613.45300    0
 3925    1716.12600    0
 3926    2997.54800    0
 3928   10179.31000    0
 3929    8496.55800    0
 3930   10930.05000    0
 3931    8564.56700    0
 3932    9279.29100    0
 3933    9766.61700    0
 3934    9955.40700    0
 3935    7538.91200    0
 3936    9522.86000    0
 3937    9386.66000    0
 3938   10057.62000    0
 3941    3376.26600    0
 3942    2713.68100    0
 3943    1028.57800    1
 3944     635.65430    1
 3945    3744.16400    0
 3946    3492.16400    0
 3947    5486.05200    0
 3948    4735.19300    0
 3949    4298.66400    0
 3950    4229.66400    0
 3951    4350.20500    0
 3952   11651.97000    0
 3953   10605.31000    0
 3954   10274.23000    0
 3955    6833.84200    0
 3956    9949.79600    0
 3957   10573.74000    0
 3958    6146.66000    0
 3959   11382.68000    0
 3960   10891.00000    0
 3961    9754.00800    0
 3962    1775.01900    0
 3963    2221.77000    0
 3964   10117.75000    0
 4101    8654.06000    0
 4102    4722.01600    0
 4103    4940.80100    0
 4104    4046.81100    0
 4105   13494.22000    0
 4106    5024.45300    0
 4107    9622.19000    0
 4108    4806.69900    0
 4109    4940.64800    0
 4110    5538.28900    0
 4111    6248.75100    0
 4112    5110.60000    0
 4113    5983.41100    0
 4114    6016.97100    0
 4115    4432.26100    0
 4116   15530.20000    0
 4117    4066.77300    0
 4118    6731.71400    0
 4119    5290.82200    0
 4120   16062.49000    0
 4121    3805.72100    0
 4122    3843.77900    0
 4123    4474.58600    0
 4124    4748.18500    0
 4125    4583.16100    0
 4126    4344.65100    0
 4128    7924.30700    0
 4129    6373.69000    0
 4130    8954.06900    0
 4131    8576.65300    0
 4132    9122.11100    0
 4133   11081.00000    0
 4134    9133.81200    0
 4135    7737.95900    0
 4136    8274.34900    0
 4137    7482.79900    0
 4138    7745.98100    0
 4139    3376.26600    0
 4142    3923.53900    0
 4143    3228.34700    0
 4144    3447.94000    0
 4145    3338.55100    0
 4146     410.87760    0
 4147    3812.80800    0
 4148    3904.01100    0
 4149    5872.21400    0
 4150    5319.49600    0
 4151    5038.11600    0
 4152   11571.09000    0
 4153   12479.83000    0
 4154   11852.02000    0
 4155    8094.48700    0
 4156   12417.26000    0
 4157   10895.37000    0
 4158    7060.71400    0
 4159   12763.50000    0
 4160   11157.89000    0
 4161   10611.93000    0
 4162    4807.01800    0
 4163    5346.64800    0
 4164   12236.81000    0
 4201    8865.97900    0
 4202    3215.24300    0
 4203    3052.64300    0
 4204    2135.78500    0
 4205    9576.80100    0
 4206    3513.91100    0
 4207    9870.11100    0
 4208    2384.74500    0
 4209    3213.40800    0
 4210    3209.15800    0
 4211    3384.71900    0
 4212    3283.52200    0
 4213    3660.71900    0
 4214    3408.21900    0
 4215    2816.58400    0
 4216   14428.62000    0
 4217    1121.81800    0
 4218    5276.90700    0
 4219    3977.08400    0
 4220   16538.08000    0
 4221    3799.90000    0
 4222    3352.59800    0
 4223    6219.23800    0
 4224    1109.78400    0
 4225    1896.01400    0
 4226     425.62920    1
 4228   11830.88000    0
 4229   10228.37000    0
 4230   12817.34000    0
 4231   11223.01000    0
 4232   11922.55000    0
 4233   12384.75000    0
 4234   12436.28000    0
 4235   10206.08000    0
 4236   11811.98000    0
 4237   11294.16000    0
 4238   11658.58000    0
 4239    2713.68100    0
 4241    3923.53900    0
 4243    3672.07300    0
 4244    2090.58100    0
 4245    1613.62000    1
 4246    4278.28900    0
 4247    3537.12600    0
 4248    2464.28600    0
 4249    1983.49400    0
 4250    1616.15000    0
 4251    1641.81200    0
 4252    8986.11600    0
 4253    8676.89400    0
 4254    8151.36500    0
 4255    4431.51300    0
 4256    8493.99200    0
 4257    7960.86300    0
 4258    3567.80700    0
 4259    9187.31300    0
 4260    8273.59200    0
 4261    7276.25400    0
 4262    2204.43400    0
 4263    2609.89500    0
 4264    8357.70800    0
 4301    5815.66100    0
 4302    1885.58600    0
 4303    2248.23700    0
 4304    1985.07600    0
 4305   11604.25000    0
 4306    2079.75800    0
 4307    6847.96700    0
 4308    2568.26000    0
 4309    2146.99000    0
 4310    2904.42600    0
 4311    3779.26000    0
 4312    2312.51800    0
 4313    3218.75400    0
 4314    3425.68900    0
 4315    1821.97000    0
 4316   18073.83000    0
 4317    2854.63800    0
 4318    3538.29400    0
 4319    2197.00100    0
 4320   19153.76000    0
 4321     584.43710    0
 4322     830.51150    0
 4323    7612.33600    0
 4324    3642.03100    0
 4325    2705.12700    0
 4326    3987.22900    0
 4328    9261.18900    0
 4329    7586.23000    0
 4330    9957.21200    0
 4331    7562.98700    0
 4332    8272.45000    0
 4333    8976.63400    0
 4334    8927.12200    0
 4335    6540.75100    0
 4336    8503.37400    0
 4337    8425.87800    0
 4338    9152.60500    0
 4339    1028.57800    1
 4341    3228.34700    0
 4342    3672.07300    0
 4344    1651.44400    0
 4345    4489.37400    0
 4346    3215.32100    0
 4347    6052.26600    0
 4348    5460.09400    0
 4349    5325.57000    0
 4350    5230.03500    0
 4351    5313.55500    0
 4352   12650.15000    0
 4353   11570.56000    0
 4354   11274.70000    0
 4355    7862.26000    0
 4356   10821.36000    0
 4357   11588.91000    0
 4358    7161.06700    0
 4359   12387.49000    0
 4360   11905.49000    0
 4361   10782.25000    0
 4362    2711.69800    0
 4363    3082.29100    0
 4364   11055.13000    0
 4401    6918.48800    0
 4402    1486.09900    0
 4403    1570.08800    0
 4404     601.09010    0
 4405   10430.47000    0
 4406    1827.10300    0
 4407    7947.62500    0
 4408    1365.37600    0
 4409    1629.72800    0
 4410    2107.66200    0
 4411    2805.18100    0
 4412    1779.17200    0
 4413    2573.20800    0
 4414    2571.16000    0
 4415    1098.09700    0
 4416   16504.26000    0
 4417    1204.33300    0
 4418    3718.73800    0
 4419    2236.62700    0
 4420   18614.24000    0
 4421    1709.84100    0
 4422    1269.33200    0
 4423    7212.51700    0
 4424    2004.30800    0
 4425    1244.87100    0
 4426    2363.35000    0
 4428   10655.86000    0
 4429    8974.14800    0
 4430   11457.32000    0
 4431    9199.93400    0
 4432    9914.10800    0
 4433   10342.81000    0
 4434   10574.14000    0
 4435    8174.44400    0
 4436   10111.88000    0
 4437    9906.43900    0
 4438   10523.00000    0
 4439     635.65430    1
 4441    3447.94000    0
 4442    2090.58100    0
 4443    1651.44400    0
 4445    3230.75600    0
 4446    3635.87400    0
 4447    5052.84100    0
 4448    4220.07200    0
 4449    3676.43900    0
 4450    3594.01100    0
 4451    3721.20100    0
 4452   11016.41000    0
 4453   10081.23000    0
 4454    9712.46300    0
 4455    6216.93100    0
 4456    9513.45400    0
 4457    9940.92600    0
 4458    5513.20500    0
 4459   10813.45000    0
 4460   10257.98000    0
 4461    9135.09600    0
 4462    1397.02800    0
 4463    1917.05500    0
 4464    9622.33100    0
 4501   10144.59000    0
 4502    4607.60500    0
 4503    4524.03300    0
 4504    3501.08800    0
 4505   10494.47000    0
 4506    4934.20500    0
 4507   11176.40000    0
 4508    3918.63200    0
 4509    4660.66600    0
 4510    4773.32800    0
 4511    4998.07500    0
 4512    4758.99600    0
 4513    5239.67100    0
 4514    5009.88000    0
 4515    4194.26000    0
 4516   13605.56000    0
 4517    2636.89000    0
 4518    6780.76300    0
 4519    5385.80700    0
 4520   15421.47000    0
 4521    4802.31700    0
 4522    4451.84400    0
 4523    4626.50900    0
 4524    2708.49000    0
 4525    3444.57000    0
 4526    1820.05800    0
 4528   11082.51000    0
 4529    9641.49600    0
 4530   12173.38000    0
 4531   11647.97000    0
 4532   12274.81000    0
 4533   13465.71000    0
 4534   12446.70000    0
 4535   10697.34000    0
 4536   11612.39000    0
 4537   10770.12000    0
 4538   10887.62000    0
 4539    3744.16400    0
 4541    3338.55100    0
 4542    1613.62000    1
 4543    4489.37400    0
 4544    3230.75600    0
 4546    3747.19800    0
 4547    1937.29500    1
 4548     991.58430    1
 4549    2918.26200    0
 4550    2202.61600    0
 4551    1788.95200    0
 4552    8531.97600    0
 4553    9188.21700    0
 4554    8526.96200    0
 4555    4797.08800    0
 4556    9349.38600    0
 4557    7689.85100    0
 4558    3737.44700    0
 4559    9425.30400    0
 4560    7976.92300    0
 4561    7290.54500    0
 4562    3760.32800    0
 4563    4204.68700    0
 4564    9019.64600    0
 4601    8445.07700    0
 4602    4827.17200    0
 4603    5074.85100    0
 4604    4236.89300    0
 4605   13827.36000    0
 4606    5114.24300    0
 4607    9391.25100    0
 4608    5001.23500    0
 4609    5057.78600    0
 4610    5693.06000    0
 4611    6439.89100    0
 4612    5230.13900    0
 4613    6122.21700    0
 4614    6186.02200    0
 4615    4565.99700    0
 4616   15717.17000    0
 4617    4347.53100    0
 4618    6750.21000    0
 4619    5346.57200    0
 4620   16024.07000    0
 4621    3799.45700    0
 4622    3894.25600    0
 4623    4640.71200    0
 4624    5058.45300    0
 4625    4813.58400    0
 4626    4702.02500    0
 4628    7556.06200    0
 4629    5987.33400    0
 4630    8572.49500    0
 4631    8184.39200    0
 4632    8721.52200    0
 4633   10743.36000    0
 4634    8722.97000    0
 4635    7359.84500    0
 4636    7865.23700    0
 4637    7090.31500    0
 4638    7381.27200    0
 4639    3492.16400    0
 4641     410.87760    0
 4642    4278.28900    0
 4643    3215.32100    0
 4644    3635.87400    0
 4645    3747.19800    0
 4647    4186.05700    0
 4648    4311.77100    0
 4649    6241.15100    0
 4650    5705.91000    0
 4651    5436.38000    0
 4652   11959.91000    0
 4653   12873.36000    0
 4654   12254.33000    0
 4655    8493.25400    0
 4656   12768.47000    0
 4657   11300.18000    0
 4658    7464.65600    0
 4659   13172.50000    0
 4660   11560.50000    0
 4661   11022.78000    0
 4662    5019.02400    0
 4663    5550.60000    0
 4664   12615.53000    0
 4701   11857.97000    0
 4702    6490.64100    0
 4703    6438.11900    0
 4704    5394.28200    0
 4705   11268.61000    0
 4706    6824.71200    0
 4707   12894.01000    0
 4708    5851.98900    0
 4709    6564.98200    0
 4710    6709.73900    0
 4711    6916.08500    0
 4712    6672.69300    0
 4713    7176.95000    0
 4714    6943.34700    0
 4715    6078.12200    0
 4716   12162.67000    0
 4717    4572.57800    0
 4718    8694.68600    0
 4719    7265.64900    0
 4720   13678.08000    0
 4721    6467.18300    0
 4722    6192.52400    0
 4723    2876.79600    0
 4724    4605.00400    0
 4725    5380.85100    0
 4726    3682.25800    0
 4728   10417.87000    0
 4729    9289.95900    0
 4730   11551.15000    0
 4731   12346.98000    0
 4732   12833.37000    0
 4733   14832.50000    0
 4734   12578.21000    0
 4735   11545.84000    0
 4736   11570.45000    0
 4737   10406.97000    0
 4738   10209.06000    0
 4739    5486.05200    0
 4741    3812.80800    0
 4742    3537.12600    0
 4743    6052.26600    0
 4744    5052.84100    0
 4745    1937.29500    1
 4746    4186.05700    0
 4748    1167.07600    1
 4749    4383.81100    0
 4750    3613.51000    0
 4751    3076.06900    0
 4752    7786.83500    0
 4753    9541.84700    0
 4754    8770.93900    0
 4755    5438.17000    0
 4756   10120.25000    0
 4757    7235.53100    0
 4758    4369.79200    0
 4759    9426.80900    0
 4760    7465.63500    0
 4761    7218.13600    0
 4762    5696.82800    0
 4763    6140.12200    0
 4764    9572.05100    0
 4801   11135.87000    0
 4802    5576.68700    0
 4803    5471.45200    0
 4804    4469.10600    0
 4805   10414.71000    0
 4806    5898.25400    0
 4807   12167.11000    0
 4808    4836.35800    0
 4809    5616.36900    0
 4810    5672.42400    0
 4811    5805.36900    0
 4812    5705.86800    0
 4813    6124.76100    0
 4814    5862.16900    0
 4815    5164.34700    0
 4816   12650.21000    0
 4817    3554.52400    0
 4818    7720.70200    0
 4819    6354.11000    0
 4820   14429.96000    0
 4821    5789.06400    0
 4822    5443.24600    0
 4823    4035.90500    0
 4824    3487.55800    0
 4825    4352.03700    0
 4826    2555.46300    0
 4828   11238.25000    0
 4829    9945.33300    0
 4830   12364.08000    0
 4831   12424.48000    0
 4832   13008.00000    0
 4833   14433.15000    0
 4834   13010.59000    0
 4835   11515.30000    0
 4836   12087.97000    0
 4837   11080.86000    0
 4838   11033.71000    0
 4839    4735.19300    0
 4841    3904.01100    0
 4842    2464.28600    0
 4843    5460.09400    0
 4844    4220.07200    0
 4845     991.58430    1
 4846    4311.77100    0
 4847    1167.07600    1
 4849    3233.73300    0
 4850    2462.66800    0
 4851    1933.43500    0
 4852    7741.09000    0
 4853    8871.82500    0
 4854    8148.51800    0
 4855    4572.58900    0
 4856    9256.66100    0
 4857    6995.01200    0
 4858    3482.06100    0
 4859    8943.18200    0
 4860    7263.83900    0
 4861    6748.55600    0
 4862    4664.10900    0
 4863    5070.96100    0
 4864    8804.06300    0
 4901    9563.72100    0
 4902    4218.47100    0
 4903    3894.71500    0
 4904    3419.29700    0
 4905    7672.42400    0
 4906    4404.58300    0
 4907   10448.95000    0
 4908    3184.57200    0
 4909    4089.31100    0
 4910    3676.86100    0
 4911    3318.82700    0
 4912    4070.06900    0
 4913    3959.61900    0
 4914    3567.84100    0
 4915    3923.81900    0
 4916   12918.63000    0
 4917    2472.13100    0
 4918    5703.29700    0
 4919    4825.99500    0
 4920   15146.21000    0
 4921    5281.52800    0
 4922    4782.35100    0
 4923    7260.44200    0
 4924    1696.86600    1
 4925    2797.92300    0
 4926    1559.18600    0
 4928   13796.12000    0
 4929   12209.75000    0
 4930   14799.48000    0
 4931   12807.01000    0
 4932   13531.88000    0
 4933   13164.88000    0
 4934   14250.31000    0
 4935   11780.76000    0
 4936   13732.03000    0
 4937   13277.34000    0
 4938   13618.07000    0
 4939    4298.66400    0
 4941    5872.21400    0
 4942    1983.49400    0
 4943    5325.57000    0
 4944    3676.43900    0
 4945    2918.26200    0
 4946    6241.15100    0
 4947    4383.81100    0
 4948    3233.73300    0
 4950     771.14610    0
 4951    1308.73000    0
 4952    7417.69400    0
 4953    6694.18800    0
 4954    6186.00700    0
 4955    2543.90500    0
 4956    6559.55900    0
 4957    6297.68300    0
 4958    1918.70800    1
 4959    7243.75900    0
 4960    6615.65900    0
 4961    5458.90900    0
 4962    2969.00500    0
 4963    3020.93300    0
 4964    6379.58100    0
 5001    9950.78100    0
 5002    4409.11900    0
 5003    4136.08800    0
 5004    3467.38300    0
 5005    8312.69100    0
 5006    4643.90000    0
 5007   10886.55000    0
 5008    3409.56000    0
 5009    4324.73400    0
 5010    4041.12300    0
 5011    3833.96500    0
 5012    4337.86000    0
 5013    4388.71600    0
 5014    4026.02000    0
 5015    4063.80100    0
 5016   12916.20000    0
 5017    2430.61400    0
 5018    6133.64000    0
 5019    5091.76100    0
 5020   15107.26000    0
 5021    5281.67000    0
 5022    4801.13800    0
 5023    6490.29700    0
 5024    1809.16700    0
 5025    2959.79500    0
 5026    1247.87100    0
 5028   13219.29000    0
 5029   11692.62000    0
 5030   14272.22000    0
 5031   12792.02000    0
 5032   13502.40000    0
 5033   13558.36000    0
 5034   14052.43000    0
 5035   11767.65000    0
 5036   13408.62000    0
 5037   12793.57000    0
 5038   13031.79000    0
 5039    4229.66400    0
 5041    5319.49600    0
 5042    1616.15000    0
 5043    5230.03500    0
 5044    3594.01100    0
 5045    2202.61600    0
 5046    5705.91000    0
 5047    3613.51000    0
 5048    2462.66800    0
 5049     771.14610    0
 5051     542.99690    1
 5052    7423.07200    0
 5053    7171.81800    0
 5054    6594.96700    0
 5055    2839.85300    0
 5056    7178.68300    0
 5057    6365.94000    0
 5058    1953.44400    0
 5059    7602.63900    0
 5060    6680.99700    0
 5061    5660.19300    0
 5062    3193.64800    0
 5063    3372.22700    0
 5064    6920.75900    0
 5101   10305.24000    0
 5102    4692.42400    0
 5103    4453.53300    0
 5104    3684.02900    0
 5105    8707.22500    0
 5106    4952.24500    0
 5107   11267.29000    0
 5108    3732.27600    0
 5109    4635.65500    0
 5110    4427.08900    0
 5111    4295.52800    0
 5112    4667.06900    0
 5113    4803.75900    0
 5114    4459.23100    0
 5115    4322.97700    0
 5116   12788.84000    0
 5117    2630.80300    0
 5118    6535.04200    0
 5119    5409.64100    0
 5120   14927.45000    0
 5121    5430.14600    0
 5122    4969.76600    0
 5123    5952.25100    0
 5124    2138.58800    0
 5125    3259.64200    0
 5126    1376.63100    0
 5128   12868.78000    0
 5129   11398.08000    0
 5130   13951.58000    0
 5131   12855.19000    0
 5132   13547.39000    0
 5133   13894.32000    0
 5134   13971.36000    0
 5135   11842.32000    0
 5136   13245.21000    0
 5137   12517.28000    0
 5138   12675.01000    0
 5139    4350.20500    0
 5141    5038.11600    0
 5142    1641.81200    0
 5143    5313.55500    0
 5144    3721.20100    0
 5145    1788.95200    0
 5146    5436.38000    0
 5147    3076.06900    0
 5148    1933.43500    0
 5149    1308.73000    0
 5150     542.99690    1
 5152    7351.25900    0
 5153    7443.98600    0
 5154    6820.98400    0
 5155    3056.87500    0
 5156    7560.69100    0
 5157    6350.30200    0
 5158    2053.46800    0
 5159    7782.69500    0
 5160    6659.50400    0
 5161    5748.01200    0
 5162    3521.51600    0
 5163    3762.36600    0
 5164    7243.05500    0
 5201   15658.78000    0
 5202   11590.77000    0
 5203   11230.80000    0
 5204   10831.90000    0
 5205    5795.37600    0
 5206   11721.79000    0
 5207   15810.22000    0
 5208   10560.29000    0
 5209   11423.91000    0
 5210   10847.96000    0
 5211   10163.21000    0
 5212   11366.91000    0
 5213   10948.01000    0
 5214   10536.26000    0
 5215   11330.43000    0
 5216    5508.13500    0
 5217    9835.33100    0
 5218   12420.27000    0
 5219   12084.90000    0
 5220    7730.63200    0
 5221   12686.10000    0
 5222   12192.50000    0
 5223    8581.83200    0
 5224    9108.17800    0
 5225   10209.86000    0
 5226    8663.05700    0
 5228   15239.24000    0
 5229   15644.12000    0
 5230   15616.56000    0
 5231   19834.04000    0
 5232   19111.26000    0
 5233   16863.02000    0
 5234   17962.19000    0
 5235   19190.70000    0
 5236   17450.65000    0
 5237   16152.48000    0
 5238   15128.46000    0
 5239   11651.97000    0
 5241   11571.09000    0
 5242    8986.11600    0
 5243   12650.15000    0
 5244   11016.41000    0
 5245    8531.97600    0
 5246   11959.91000    0
 5247    7786.83500    0
 5248    7741.09000    0
 5249    7417.69400    0
 5250    7423.07200    0
 5251    7351.25900    0
 5253    3821.74000    0
 5254    3263.10500    0
 5255    5004.38800    0
 5256    5299.68600    0
 5257    1183.38100    1
 5258    5518.52500    0
 5259    2791.11500    0
 5260     891.62970    0
 5261    2322.89300    0
 5262   10351.56000    0
 5263   10274.44000    0
 5264    4429.68700    0
 5301   11999.61000    0
 5302    9835.41000    0
 5303    9436.31000    0
 5304    9614.66400    0
 5305    2111.12300    0
 5306    9789.18800    0
 5307   12003.36000    0
 5308    9005.19100    0
 5309    9589.21900    0
 5310    8836.96500    0
 5311    7966.59900    0
 5312    9457.65500    0
 5313    8697.19800    0
 5314    8361.35800    0
 5315    9779.08100    0
 5316    7272.32600    0
 5317    8965.88900    0
 5318    9610.37800    0
 5319    9963.28600    0
 5320    9202.02200    0
 5321   11271.70000    0
 5322   10804.01000    0
 5323   11506.09000    0
 5324    8151.68200    0
 5325    8889.17900    0
 5326    8253.29200    0
 5328   18971.07000    0
 5329   18817.15000    0
 5330   18529.38000    0
 5331   16328.43000    0
 5332   16531.21000    0
 5333   13412.65000    0
 5334   17605.16000    0
 5335   15973.24000    0
 5336   18651.60000    0
 5337   19946.66000    0
 5338   18917.10000    0
 5339   10605.31000    0
 5341   12479.83000    0
 5342    8676.89400    0
 5343   11570.56000    0
 5344   10081.23000    0
 5345    9188.21700    0
 5346   12873.36000    0
 5347    9541.84700    0
 5348    8871.82500    0
 5349    6694.18800    0
 5350    7171.81800    0
 5351    7443.98600    0
 5352    3821.74000    0
 5354     809.81260    0
 5355    4393.15200    0
 5356    1487.25700    0
 5357    3229.69100    0
 5358    5454.71900    0
 5359    1166.11500    0
 5360    3254.70300    0
 5361    2531.12000    0
 5362    8859.16100    0
 5363    8512.70400    0
 5364     675.35040    0
 5401   12436.59000    0
 5402    9642.06600    0
 5403    9242.01700    0
 5404    9292.47300    0
 5405    2893.87300    0
 5406    9638.06800    0
 5407   12551.08000    0
 5408    8742.37100    0
 5409    9408.72900    0
 5410    8681.73500    0
 5411    7839.27100    0
 5412    9292.25000    0
 5413    8602.50900    0
 5414    8237.81600    0
 5415    9536.13000    0
 5416    7376.92300    0
 5417    8553.31900    0
 5418    9698.65600    0
 5419    9864.56500    0
 5420    9434.26300    0
 5421   11039.43000    0
 5422   10552.40000    0
 5423   10696.49000    0
 5424    7734.02400    0
 5425    8569.85000    0
 5426    7734.11900    0
 5428   18482.32000    0
 5429   18059.94000    0
 5430   18700.28000    0
 5431   16913.49000    0
 5432   17223.46000    0
 5433   14150.48000    0
 5434   18388.82000    0
 5435   16387.01000    0
 5436   19349.41000    0
 5437   19137.13000    0
 5438   18342.97000    0
 5439   10274.23000    0
 5441   11852.02000    0
 5442    8151.36500    0
 5443   11274.70000    0
 5444    9712.46300    0
 5445    8526.96200    0
 5446   12254.33000    0
 5447    8770.93900    0
 5448    8148.51800    0
 5449    6186.00700    0
 5450    6594.96700    0
 5451    6820.98400    0
 5452    3263.10500    0
 5453     809.81260    0
 5455    3767.28000    0
 5456    2102.20200    0
 5457    2514.63900    0
 5458    4792.29900    0
 5459    1117.01700    0
 5460    2587.11500    0
 5461    1725.31500    0
 5462    8577.86100    0
 5463    8286.20000    0
 5464    1218.45900    1
 5501   11351.19000    0
 5502    6594.32700    0
 5503    6228.46000    0
 5504    5923.02700    0
 5505    5850.77600    0
 5506    6717.46300    0
 5507   12035.81000    0
 5508    5571.10600    0
 5509    6420.94700    0
 5510    5852.88000    0
 5511    5224.48000    0
 5512    6362.54800    0
 5513    5992.32100    0
 5514    5576.71400    0
 5515    6356.46900    0
 5516   10437.97000    0
 5517    5013.49000    0
 5518    7600.61400    0
 5519    7084.79400    0
 5520   12662.02000    0
 5521    7782.87200    0
 5522    7279.66100    0
 5523    8003.67000    0
 5524    4220.98000    0
 5525    5254.25000    0
 5526    4028.29600    0
 5528   15810.84000    0
 5529   14438.56000    0
 5530   16934.66000    0
 5531   15227.30000    0
 5532   15951.70000    0
 5533   14677.20000    0
 5534   16789.08000    0
 5535   14218.49000    0
 5536   16243.41000    0
 5537   15566.18000    0
 5538   15606.15000    0
 5539    6833.84200    0
 5541    8094.48700    0
 5542    4431.51300    0
 5543    7862.26000    0
 5544    6216.93100    0
 5545    4797.08800    0
 5546    8493.25400    0
 5547    5438.17000    0
 5548    4572.58900    0
 5549    2543.90500    0
 5550    2839.85300    0
 5551    3056.87500    0
 5552    5004.38800    0
 5553    4393.15200    0
 5554    3767.28000    0
 5556    4694.59500    0
 5557    3839.53600    0
 5558    1090.61500    1
 5559    4762.92800    0
 5560    4154.02200    0
 5561    2920.49600    0
 5562    5367.25900    0
 5563    5270.08500    0
 5564    4244.46400    1
 5601   10521.68000    0
 5602    8975.32200    0
 5603    8589.81900    0
 5604    8977.07200    0
 5605    1158.07000    0
 5606    8866.82000    0
 5607   10518.28000    0
 5608    8284.61300    0
 5609    8716.74600    0
 5610    7948.83300    0
 5611    7064.12400    0
 5612    8566.17200    0
 5613    7724.30900    0
 5614    7440.46100    0
 5615    8999.67800    0
 5616    8337.69300    0
 5617    8524.92300    0
 5618    8388.57600    0
 5619    8961.76100    0
 5620   10031.44000    0
 5621   10428.87000    0
 5622   10006.44000    0
 5623   12464.91000    0
 5624    7753.46100    0
 5625    8272.19300    0
 5626    8072.63700    0
 5628   19443.12000    0
 5629   18357.70000    0
 5630   18371.99000    0
 5631   14858.11000    0
 5632   15122.04000    0
 5633   12063.45000    0
 5634   16320.27000    0
 5635   14490.68000    0
 5636   17258.16000    0
 5637   18595.61000    0
 5638   19620.67000    0
 5639    9949.79600    0
 5641   12417.26000    0
 5642    8493.99200    0
 5643   10821.36000    0
 5644    9513.45400    0
 5645    9349.38600    0
 5646   12768.47000    0
 5647   10120.25000    0
 5648    9256.66100    0
 5649    6559.55900    0
 5650    7178.68300    0
 5651    7560.69100    0
 5652    5299.68600    0
 5653    1487.25700    0
 5654    2102.20200    0
 5655    4694.59500    0
 5657    4616.58700    0
 5658    5780.81600    0
 5659    2625.83600    0
 5660    4682.73100    0
 5661    3726.66300    0
 5662    8175.54500    0
 5663    7748.24500    0
 5664     884.65720    0
 5701   14620.53000    0
 5702   10433.66000    0
 5703   10067.47000    0
 5704    9716.84000    0
 5705    5329.71700    0
 5706   10553.64000    0
 5707   14931.87000    0
 5708    9408.17500    0
 5709   10259.56000    0
 5710    9670.57100    0
 5711    8979.93500    0
 5712   10197.50000    0
 5713    9765.03000    0
 5714    9353.60700    0
 5715   10187.71000    0
 5716    6622.37500    0
 5717    8745.50700    0
 5718   11245.93000    0
 5719   10909.15000    0
 5720    8851.10600    0
 5721   11579.13000    0
 5722   11079.90000    0
 5723    8531.00000    0
 5724    7994.18100    0
 5725    9074.40500    0
 5726    7613.54700    0
 5728   15977.55000    0
 5729   15941.59000    0
 5730   16571.25000    0
 5731   19050.57000    0
 5732   19704.91000    0
 5733   16641.01000    0
 5734   19035.74000    0
 5735   18057.97000    0
 5736   18180.62000    0
 5737   16728.10000    0
 5738   15829.32000    0
 5739   10573.74000    0
 5741   10895.37000    0
 5742    7960.86300    0
 5743   11588.91000    0
 5744    9940.92600    0
 5745    7689.85100    0
 5746   11300.18000    0
 5747    7235.53100    0
 5748    6995.01200    0
 5749    6297.68300    0
 5750    6365.94000    0
 5751    6350.30200    0
 5752    1183.38100    1
 5753    3229.69100    0
 5754    2514.63900    0
 5755    3839.53600    0
 5756    4616.58700    0
 5758    4427.96100    0
 5759    2470.22100    0
 5760     317.98140    1
 5761    1185.08100    1
 5762    9202.26800    0
 5763    9105.40100    0
 5764    3733.08900    0
 5801   11349.58000    0
 5802    6136.71600    0
 5803    5808.13600    0
 5804    5314.79900    0
 5805    6938.01500    0
 5806    6316.49000    0
 5807   12160.73000    0
 5808    5102.17000    0
 5809    6003.03300    0
 5810    5549.55700    0
 5811    5074.37300    0
 5812    5977.03400    0
 5813    5783.23600    0
 5814    5375.23500    0
 5815    5840.75300    0
 5816   11026.64000    0
 5817    4320.93000    0
 5818    7494.43000    0
 5819    6729.49800    0
 5820   13247.16000    0
 5821    7167.78800    0
 5822    6674.13400    0
 5823    7015.86400    0
 5824    3592.88800    0
 5825    4714.27500    0
 5826    3198.24400    0
 5828   14720.27000    0
 5829   13369.34000    0
 5830   15844.49000    0
 5831   14702.69000    0
 5832   15422.73000    0
 5833   14885.34000    0
 5834   16000.35000    0
 5835   13675.15000    0
 5836   15298.35000    0
 5837   14502.23000    0
 5838   14515.75000    0
 5839    6146.66000    0
 5841    7060.71400    0
 5842    3567.80700    0
 5843    7161.06700    0
 5844    5513.20500    0
 5845    3737.44700    0
 5846    7464.65600    0
 5847    4369.79200    0
 5848    3482.06100    0
 5849    1918.70800    1
 5850    1953.44400    0
 5851    2053.46800    0
 5852    5518.52500    0
 5853    5454.71900    0
 5854    4792.29900    0
 5855    1090.61500    1
 5856    5780.81600    0
 5857    4427.96100    0
 5859    5731.18900    0
 5860    4744.83900    0
 5861    3714.21100    0
 5862    4887.06200    0
 5863    4909.52100    0
 5864    5331.58200    1
 5901   13146.96000    0
 5902   10756.82000    0
 5903   10356.61000    0
 5904   10403.76000    0
 5905    3004.26100    0
 5906   10747.42000    0
 5907   13096.15000    0
 5908    9859.22200    0
 5909   10521.99000    0
 5910    9790.72600    0
 5911    8941.74600    0
 5912   10403.45000    0
 5913    9698.23100    0
 5914    9340.04600    0
 5915   10653.15000    0
 5916    6272.57600    0
 5917    9643.90200    0
 5918   10721.08000    0
 5919   10963.29000    0
 5920    8317.25800    0
 5921   12156.45000    0
 5922   11669.19000    0
 5923   10993.14000    0
 5924    8825.26300    0
 5925    9682.36500    0
 5926    8776.55100    0
 5928   17805.46000    0
 5929   18395.72000    0
 5930   17626.71000    0
 5931   17326.85000    0
 5932   17357.67000    0
 5933   14233.77000    0
 5934   18059.44000    0
 5935   17108.78000    0
 5936   19030.05000    0
 5937   18836.81000    0
 5938   17757.05000    0
 5939   11382.68000    0
 5941   12763.50000    0
 5942    9187.31300    0
 5943   12387.49000    0
 5944   10813.45000    0
 5945    9425.30400    0
 5946   13172.50000    0
 5947    9426.80900    0
 5948    8943.18200    0
 5949    7243.75900    0
 5950    7602.63900    0
 5951    7782.69500    0
 5952    2791.11500    0
 5953    1166.11500    0
 5954    1117.01700    0
 5955    4762.92800    0
 5956    2625.83600    0
 5957    2470.22100    0
 5958    5731.18900    0
 5960    2397.45800    0
 5961    2211.66700    0
 5962    9693.99800    0
 5963    9402.57900    0
 5964    1840.54800    0
 6001   14836.10000    0
 6002   10748.35000    0
 6003   10380.91000    0
 6004   10034.80000    0
 6005    5329.89500    0
 6006   10865.63000    0
 6007   15092.24000    0
 6008    9723.83400    0
 6009   10572.71000    0
 6010    9978.55300    0
 6011    9279.95200    0
 6012   10509.14000    0
 6013   10066.24000    0
 6014    9655.80900    0
 6015   10504.36000    0
 6016    6304.53700    0
 6017    9063.04200    0
 6018   11528.65000    0
 6019   11217.89000    0
 6020    8533.29100    0
 6021   11897.11000    0
 6022   11397.86000    0
 6023    8648.59800    0
 6024    8312.16200    0
 6025    9391.73100    0
 6026    7928.37100    0
 6028   15895.34000    0
 6029   15999.39000    0
 6030   16408.38000    0
 6031   19340.03000    0
 6032   19746.79000    0
 6033   16626.24000    0
 6034   18831.56000    0
 6035   18371.03000    0
 6036   18126.83000    0
 6037   16707.78000    0
 6038   15759.38000    0
 6039   10891.00000    0
 6041   11157.89000    0
 6042    8273.59200    0
 6043   11905.49000    0
 6044   10257.98000    0
 6045    7976.92300    0
 6046   11560.50000    0
 6047    7465.63500    0
 6048    7263.83900    0
 6049    6615.65900    0
 6050    6680.99700    0
 6051    6659.50400    0
 6052     891.62970    0
 6053    3254.70300    0
 6054    2587.11500    0
 6055    4154.02200    0
 6056    4682.73100    0
 6057     317.98140    1
 6058    4744.83900    0
 6059    2397.45800    0
 6061    1435.26900    0
 6062    9518.33100    0
 6063    9417.37700    0
 6064    3798.44000    0
 6101   13437.72000    0
 6102    9454.65100    0
 6103    9073.72900    0
 6104    8839.85700    0
 6105    4613.23900    0
 6106    9541.87000    0
 6107   13785.76000    0
 6108    8450.54200    0
 6109    9261.45700    0
 6110    8628.42600    0
 6111    7894.20800    0
 6112    9183.76600    0
 6113    8683.09600    0
 6114    8277.56200    0
 6115    9246.32200    0
 6116    7542.15500    0
 6117    7930.92000    0
 6118   10102.76000    0
 6119    9868.24600    0
 6120    9755.45100    0
 6121   10695.47000    0
 6122   10191.81000    0
 6123    8979.31500    0
 6124    7141.45600    0
 6125    8160.70800    0
 6126    6893.61300    0
 6128   16894.53000    0
 6129   16411.07000    0
 6130   17666.88000    0
 6131   17906.32000    0
 6132   18523.85000    0
 6133   15761.14000    0
 6134   19709.22000    0
 6135   16999.19000    0
 6136   18778.69000    0
 6137   17416.74000    0
 6138   16717.21000    0
 6139    9754.00800    0
 6141   10611.93000    0
 6142    7276.25400    0
 6143   10782.25000    0
 6144    9135.09600    0
 6145    7290.54500    0
 6146   11022.78000    0
 6147    7218.13600    0
 6148    6748.55600    0
 6149    5458.90900    0
 6150    5660.19300    0
 6151    5748.01200    0
 6152    2322.89300    0
 6153    2531.12000    0
 6154    1725.31500    0
 6155    2920.49600    0
 6156    3726.66300    0
 6157    1185.08100    1
 6158    3714.21100    0
 6159    2211.66700    0
 6160    1435.26900    0
 6162    8253.74500    0
 6163    8099.78500    0
 6164    2876.81900    0
 6201    6783.77700    0
 6202    1249.68900    0
 6203     942.84970    0
 6204     812.46720    0
 6205    9055.10500    0
 6206    1452.54100    0
 6207    7753.49100    0
 6208     217.33270    1
 6209    1133.40500    0
 6210    1013.00000    0
 6211    1460.39600    0
 6212    1146.95300    0
 6213    1484.29700    0
 6214    1318.78800    0
 6215     992.60070    0
 6216   15795.90000    0
 6217    1124.80000    0
 6218    3078.72600    0
 6219    1898.19000    0
 6220   17992.31000    0
 6221    2474.87600    0
 6222    1978.67200    0
 6223    8203.48300    0
 6224    1388.93500    0
 6225     316.24060    1
 6226    2222.74300    0
 6228   11950.75000    0
 6229   10268.89000    0
 6230   12668.65000    0
 6231    9877.14200    0
 6232   10604.16000    0
 6233   10377.85000    0
 6234   11461.01000    0
 6235    8858.33500    0
 6236   11159.04000    0
 6237   11136.57000    0
 6238   11831.47000    0
 6239    1775.01900    0
 6241    4807.01800    0
 6242    2204.43400    0
 6243    2711.69800    0
 6244    1397.02800    0
 6245    3760.32800    0
 6246    5019.02400    0
 6247    5696.82800    0
 6248    4664.10900    0
 6249    2969.00500    0
 6250    3193.64800    0
 6251    3521.51600    0
 6252   10351.56000    0
 6253    8859.16100    0
 6254    8577.86100    0
 6255    5367.25900    0
 6256    8175.54500    0
 6257    9202.26800    0
 6258    4887.06200    0
 6259    9693.99800    0
 6260    9518.33100    0
 6261    8253.74500    0
 6263     546.20580    0
 6264    8353.15300    0
 6301    6581.74100    0
 6302    1368.18900    0
 6303     976.34380    0
 6304    1318.43400    0
 6305    8588.49800    0
 6306    1448.26300    0
 6307    7515.78200    0
 6308     558.35610    0
 6309    1161.79100    0
 6310     668.91640    0
 6311     914.28950    0
 6312    1092.47800    0
 6313    1062.06400    0
 6314     809.48910    0
 6315    1267.59900    0
 6316   15610.05000    0
 6317    1602.02800    0
 6318    2772.70000    0
 6319    1826.83400    0
 6320   17712.75000    0
 6321    2761.72000    0
 6322    2292.23900    0
 6323    8709.47300    0
 6324    1644.05600    0
 6325     826.29500    0
 6326    2555.14300    0
 6328   12343.05000    0
 6329   10668.37000    0
 6330   12998.52000    0
 6331    9957.42300    0
 6332   10681.63000    0
 6333   10191.76000    0
 6334   11621.19000    0
 6335    8953.65600    0
 6336   11404.46000    0
 6337   11488.39000    0
 6338   12234.68000    0
 6339    2221.77000    0
 6341    5346.64800    0
 6342    2609.89500    0
 6343    3082.29100    0
 6344    1917.05500    0
 6345    4204.68700    0
 6346    5550.60000    0
 6347    6140.12200    0
 6348    5070.96100    0
 6349    3020.93300    0
 6350    3372.22700    0
 6351    3762.36600    0
 6352   10274.44000    0
 6353    8512.70400    0
 6354    8286.20000    0
 6355    5270.08500    0
 6356    7748.24500    0
 6357    9105.40100    0
 6358    4909.52100    0
 6359    9402.57900    0
 6360    9417.37700    0
 6361    8099.78500    0
 6362     546.20580    0
 6364    7978.15000    0
 6401   11342.84000    0
 6402    9276.13300    0
 6403    8879.69500    0
 6404    9128.40200    0
 6405    1780.86500    0
 6406    9210.66500    0
 6407   11382.24000    0
 6408    8487.45500    0
 6409    9025.12800    0
 6410    8265.16100    0
 6411    7387.02500    0
 6412    8887.23200    0
 6413    8100.25000    0
 6414    7778.00900    0
 6415    9245.44100    0
 6416    7882.98600    0
 6417    8547.45000    0
 6418    8955.30100    0
 6419    9362.35900    0
 6420    9747.51300    0
 6421   10723.67000    0
 6422   10268.83000    0
 6423   11744.27000    0
 6424    7744.21600    0
 6425    8406.32500    0
 6426    7932.07900    0
 6428   19645.93000    0
 6429   18578.18000    0
 6430   18873.07000    0
 6431   15733.28000    0
 6432   16006.60000    0
 6433   12938.18000    0
 6434   17191.01000    0
 6435   15318.36000    0
 6436   18142.64000    0
 6437   19376.04000    0
 6438   19556.50000    0
 6439   10117.75000    0
 6441   12236.81000    0
 6442    8357.70800    0
 6443   11055.13000    0
 6444    9622.33100    0
 6445    9019.64600    0
 6446   12615.53000    0
 6447    9572.05100    0
 6448    8804.06300    0
 6449    6379.58100    0
 6450    6920.75900    0
 6451    7243.05500    0
 6452    4429.68700    0
 6453     675.35040    0
 6454    1218.45900    1
 6455    4244.46400    1
 6456     884.65720    0
 6457    3733.08900    0
 6458    5331.58200    1
 6459    1840.54800    0
 6460    3798.44000    0
 6461    2876.81900    0
 6462    8353.15300    0
 6463    7978.15000    0
