    102   1610.00000
    103   2761.00000
    104   1382.00000
    105   8875.00000
    106   3831.00000
    107 122257.00000
    108    187.00000
    109    834.00000
    110    223.00000
    111    214.00000
    112   1056.00000
    113    192.00000
    114    634.00000
    115    549.00000
    116    665.00000
    117     63.00000
    118      5.00000
    119    296.00000
    120    250.00000
    121    100.00000
    122    347.00000
    123    252.00000
    124    139.00000
    125     59.00000
    126    161.00000
    128    106.00000
    129    929.00000
    130    135.00000
    131    157.00000
    132     40.00000
    133    724.00000
    134     64.00000
    135    701.00000
    136      7.00000
    137      4.00000
    138      9.00000
    139    442.00000
    141    193.00000
    142    143.00000
    143    134.00000
    144     58.00000
    145     14.00000
    146     18.00000
    147     20.00000
    148     45.00000
    149    263.00000
    150     23.00000
    151    186.00000
    152    235.00000
    153   1216.00000
    154    784.00000
    155    432.00000
    156   1801.00000
    157    254.00000
    158    130.00000
    159    105.00000
    160    250.00000
    161    167.00000
    162     42.00000
    163     64.00000
    164   1108.00000
    201   1610.00000
    203  36474.00000
    204  21769.00000
    205   3293.00000
    206  18072.00000
    207  14260.00000
    208   1390.00000
    209  18459.00000
    210   1509.00000
    211    957.00000
    212  11864.00000
    213   1543.00000
    214   2924.00000
    215   6379.00000
    216    938.00000
    217   1126.00000
    218     55.00000
    219   1328.00000
    220    173.00000
    221   1411.00000
    222   7117.00000
    223    917.00000
    224    815.00000
    225    712.00000
    226    572.00000
    228    364.00000
    229   1371.00000
    230    274.00000
    231    210.00000
    232     40.00000
    233    777.00000
    234    142.00000
    235    501.00000
    236     45.00000
    237     56.00000
    238     34.00000
    239   5465.00000
    241   2427.00000
    242   1435.00000
    243   1541.00000
    244   1152.00000
    245    106.00000
    246     37.00000
    247     73.00000
    248     70.00000
    249    657.00000
    250    456.00000
    251   2573.00000
    252    489.00000
    253    815.00000
    254    649.00000
    255    783.00000
    256    780.00000
    257    421.00000
    258    203.00000
    259    143.00000
    260    847.00000
    261    433.00000
    262    284.00000
    263    475.00000
    264   1182.00000
    301   2761.00000
    302  36474.00000
    304  27025.00000
    305   9690.00000
    306  27326.00000
    307  27599.00000
    308  14519.00000
    309  22580.00000
    310   6596.00000
    311   3127.00000
    312  36301.00000
    313   5253.00000
    314   8547.00000
    315  15253.00000
    316   2035.00000
    317   2776.00000
    318    172.00000
    319   1947.00000
    320    445.00000
    321   1688.00000
    322   5752.00000
    323   2794.00000
    324   2758.00000
    325   3050.00000
    326   1118.00000
    328    803.00000
    329   2200.00000
    330    651.00000
    331    818.00000
    332    185.00000
    333    978.00000
    334    225.00000
    335   1235.00000
    336     55.00000
    337     66.00000
    338    116.00000
    339   1336.00000
    341   2362.00000
    342   1166.00000
    343    371.00000
    344    519.00000
    345    141.00000
    346    130.00000
    347    263.00000
    348    155.00000
    349   1938.00000
    350    881.00000
    351   2502.00000
    352    945.00000
    353   1418.00000
    354   1761.00000
    355   1579.00000
    356   1901.00000
    357   1053.00000
    358    564.00000
    359    341.00000
    360   1290.00000
    361    667.00000
    362   1733.00000
    363   1954.00000
    364   2951.00000
    401   1382.00000
    402  21769.00000
    403  27025.00000
    405   2051.00000
    406   9982.00000
    407  14708.00000
    408   3273.00000
    409   5261.00000
    410   1293.00000
    411    680.00000
    412   6381.00000
    413    678.00000
    414   1887.00000
    415   5244.00000
    416   1230.00000
    417   1895.00000
    418     37.00000
    419    578.00000
    420    224.00000
    421    658.00000
    422   3051.00000
    423    908.00000
    424   1269.00000
    425   2028.00000
    426    671.00000
    428    527.00000
    429   1527.00000
    430    227.00000
    431    193.00000
    432     67.00000
    433    601.00000
    434    148.00000
    435    955.00000
    436      5.00000
    437     29.00000
    438     34.00000
    439   3286.00000
    441   1860.00000
    442   2477.00000
    443    280.00000
    444    634.00000
    445    102.00000
    446     27.00000
    447     72.00000
    448    177.00000
    449   2031.00000
    450   1767.00000
    451   2975.00000
    452    296.00000
    453    322.00000
    454    623.00000
    455    429.00000
    456    390.00000
    457    247.00000
    458    286.00000
    459     63.00000
    460    625.00000
    461    207.00000
    462    489.00000
    463    510.00000
    464   1165.00000
    501   8875.00000
    502   3293.00000
    503   9690.00000
    504   2051.00000
    506   6050.00000
    507  92959.00000
    508    636.00000
    509   1930.00000
    510   1253.00000
    511    685.00000
    512   2455.00000
    513    875.00000
    514   1506.00000
    515   2038.00000
    516  12133.00000
    517    619.00000
    518     63.00000
    519    422.00000
    520   1968.00000
    521    223.00000
    522   1068.00000
    523   2424.00000
    524    479.00000
    525     95.00000
    526    380.00000
    528    586.00000
    529   2312.00000
    530    663.00000
    531    572.00000
    532    200.00000
    533   2742.00000
    534    448.00000
    535    645.00000
    536     54.00000
    537     42.00000
    538     37.00000
    539    535.00000
    541    347.00000
    542    845.00000
    543    143.00000
    544     27.00000
    545     76.00000
    546    108.00000
    547    146.00000
    548     92.00000
    549   3741.00000
    550   2610.00000
    551  11425.00000
    552  11548.00000
    553   8537.00000
    554   7245.00000
    555   2600.00000
    556  11673.00000
    557   5792.00000
    558   1093.00000
    559   1924.00000
    560   6013.00000
    561   2977.00000
    562    112.00000
    563    125.00000
    564  20144.00000
    601   3831.00000
    602  18072.00000
    603  27326.00000
    604   9982.00000
    605   6050.00000
    607  26657.00000
    608   1277.00000
    609   9544.00000
    610   3866.00000
    611   2366.00000
    612  15982.00000
    613   8127.00000
    614   6927.00000
    615   4519.00000
    616   2460.00000
    617    748.00000
    618    251.00000
    619   8122.00000
    620   1055.00000
    621   1399.00000
    622   4138.00000
    623   2355.00000
    624   1164.00000
    625    409.00000
    626   1039.00000
    628      5.00000
    629    906.00000
    630    352.00000
    631    213.00000
    632     82.00000
    633    507.00000
    634    131.00000
    635    376.00000
    636     29.00000
    637     22.00000
    638     53.00000
    639    530.00000
    641   1963.00000
    642    647.00000
    643    191.00000
    644    182.00000
    645    158.00000
    646    345.00000
    647    411.00000
    648     96.00000
    649    696.00000
    650    540.00000
    651   2128.00000
    652    366.00000
    653    861.00000
    654   2316.00000
    655   1672.00000
    656   1449.00000
    657    851.00000
    658    477.00000
    659    316.00000
    660   1419.00000
    661    376.00000
    662    263.00000
    663    708.00000
    664    871.00000
    701 122257.00000
    702  14260.00000
    703  27599.00000
    704  14708.00000
    705  92959.00000
    706  26657.00000
    708   1218.00000
    709   8074.00000
    710   2341.00000
    711   1274.00000
    712  10629.00000
    713   1592.00000
    714   5414.00000
    715   4797.00000
    716   7987.00000
    717    762.00000
    718    258.00000
    719   2343.00000
    720   1700.00000
    721   1173.00000
    722   4890.00000
    723   3355.00000
    724   1621.00000
    725   1056.00000
    726   4742.00000
    728   1722.00000
    729  10014.00000
    730   1541.00000
    731   2592.00000
    732   2121.00000
    733  31341.00000
    734   1328.00000
    735   6641.00000
    736    211.00000
    737    104.00000
    738    173.00000
    739   2723.00000
    741   3263.00000
    742   1998.00000
    743    249.00000
    744    256.00000
    745    242.00000
    746    114.00000
    747    168.00000
    748    236.00000
    749    863.00000
    750    570.00000
    751   5240.00000
    752   5431.00000
    753  19170.00000
    754   9993.00000
    755   3400.00000
    756  16454.00000
    757   3318.00000
    758   1099.00000
    759   3183.00000
    760   8175.00000
    761   2126.00000
    762    290.00000
    763    467.00000
    764   7019.00000
    801    187.00000
    802   1390.00000
    803  14519.00000
    804   3273.00000
    805    636.00000
    806   1277.00000
    807   1218.00000
    809    836.00000
    810    306.00000
    811    243.00000
    812   1024.00000
    813    291.00000
    814    654.00000
    815   2218.00000
    816     95.00000
    817    176.00000
    818      5.00000
    819     89.00000
    820     20.00000
    821    108.00000
    822    376.00000
    823    126.00000
    824    208.00000
    825    625.00000
    826     77.00000
    828     35.00000
    829    136.00000
    830     23.00000
    831     20.00000
    832      8.00000
    833    155.00000
    834     10.00000
    835     41.00000
    836      4.00000
    837      5.00000
    838      8.00000
    839    213.00000
    841    203.00000
    842    141.00000
    843     10.00000
    844     15.00000
    845      7.00000
    846      7.00000
    847     10.00000
    848      8.00000
    849    182.00000
    850     35.00000
    851    347.00000
    852     29.00000
    853     59.00000
    854    131.00000
    855     68.00000
    856    108.00000
    857     42.00000
    858     18.00000
    859     12.00000
    860     51.00000
    861     23.00000
    862    903.00000
    863    453.00000
    864    187.00000
    901    834.00000
    902  18459.00000
    903  22580.00000
    904   5261.00000
    905   1930.00000
    906   9544.00000
    907   8074.00000
    908    836.00000
    910    874.00000
    911    447.00000
    912  17232.00000
    913    577.00000
    914   1981.00000
    915   1846.00000
    916    340.00000
    917    403.00000
    918     30.00000
    919    613.00000
    920    111.00000
    921    369.00000
    922   1164.00000
    923    435.00000
    924    393.00000
    925    200.00000
    926    824.00000
    928    183.00000
    929    685.00000
    930    113.00000
    931     92.00000
    932     17.00000
    933    138.00000
    934    108.00000
    935    189.00000
    936     15.00000
    937     24.00000
    938     13.00000
    939    351.00000
    941    470.00000
    942    222.00000
    943    197.00000
    944    157.00000
    945     31.00000
    946     20.00000
    947     40.00000
    948     27.00000
    949    224.00000
    950     79.00000
    951    701.00000
    952    133.00000
    953    278.00000
    954    346.00000
    955    932.00000
    956    241.00000
    957    182.00000
    958     90.00000
    959     28.00000
    960    208.00000
    961    178.00000
    962    115.00000
    963    217.00000
    964    370.00000
   1001    223.00000
   1002   1509.00000
   1003   6596.00000
   1004   1293.00000
   1005   1253.00000
   1006   3866.00000
   1007   2341.00000
   1008    306.00000
   1009    874.00000
   1011    879.00000
   1012   1607.00000
   1013   1796.00000
   1014   4519.00000
   1015    661.00000
   1016    189.00000
   1017    167.00000
   1018    118.00000
   1019    210.00000
   1020     37.00000
   1021    155.00000
   1022    294.00000
   1023     68.00000
   1024     52.00000
   1025     76.00000
   1026     46.00000
   1028     31.00000
   1029    137.00000
   1030     11.00000
   1031     42.00000
   1032      6.00000
   1033     20.00000
   1034      6.00000
   1035     92.00000
   1036      1.00000
   1037      2.00000
   1038      5.00000
   1039     57.00000
   1041     85.00000
   1042     88.00000
   1043     37.00000
   1044      6.00000
   1045     10.00000
   1046      2.00000
   1047     12.00000
   1048      6.00000
   1049     70.00000
   1050    241.00000
   1051    148.00000
   1052     21.00000
   1053     93.00000
   1054    143.00000
   1055     91.00000
   1056    125.00000
   1057     67.00000
   1058     32.00000
   1059     18.00000
   1060     98.00000
   1061     71.00000
   1062     62.00000
   1063    214.00000
   1064    154.00000
   1101    214.00000
   1102    957.00000
   1103   3127.00000
   1104    680.00000
   1105    685.00000
   1106   2366.00000
   1107   1274.00000
   1108    243.00000
   1109    447.00000
   1110    879.00000
   1112    851.00000
   1113    864.00000
   1114   3500.00000
   1115    412.00000
   1116    160.00000
   1117     85.00000
   1118     36.00000
   1119    126.00000
   1120     14.00000
   1121    122.00000
   1122    210.00000
   1123     67.00000
   1124     51.00000
   1125     20.00000
   1126     61.00000
   1128     14.00000
   1129    106.00000
   1130     24.00000
   1131     84.00000
   1132      2.00000
   1133     25.00000
   1134      8.00000
   1135     32.00000
   1136      1.00000
   1137      0.00000
   1138      3.00000
   1139     88.00000
   1141     29.00000
   1142    120.00000
   1143     26.00000
   1144     17.00000
   1145      6.00000
   1146      2.00000
   1147     22.00000
   1148      9.00000
   1149     91.00000
   1150      7.00000
   1151    170.00000
   1152     23.00000
   1153     28.00000
   1154     71.00000
   1155     62.00000
   1156     96.00000
   1157     28.00000
   1158     53.00000
   1159     10.00000
   1160     47.00000
   1161     18.00000
   1162     89.00000
   1163    229.00000
   1164    135.00000
   1201   1056.00000
   1202  11864.00000
   1203  36301.00000
   1204   6381.00000
   1205   2455.00000
   1206  15982.00000
   1207  10629.00000
   1208   1024.00000
   1209  17232.00000
   1210   1607.00000
   1211    851.00000
   1213   1710.00000
   1214   2475.00000
   1215   1864.00000
   1216    551.00000
   1217    777.00000
   1218     80.00000
   1219   1044.00000
   1220    138.00000
   1221    662.00000
   1222   2078.00000
   1223    306.00000
   1224    432.00000
   1225    363.00000
   1226    448.00000
   1228    905.00000
   1229   1482.00000
   1230     75.00000
   1231    236.00000
   1232     45.00000
   1233    425.00000
   1234     39.00000
   1235    178.00000
   1236     10.00000
   1237     14.00000
   1238     35.00000
   1239   1162.00000
   1241    868.00000
   1242    505.00000
   1243    146.00000
   1244     98.00000
   1245     63.00000
   1246     41.00000
   1247     92.00000
   1248     82.00000
   1249   1039.00000
   1250    745.00000
   1251    735.00000
   1252    590.00000
   1253    492.00000
   1254    432.00000
   1255    384.00000
   1256    509.00000
   1257    329.00000
   1258    103.00000
   1259    279.00000
   1260    504.00000
   1261    581.00000
   1262    195.00000
   1263    362.00000
   1264    410.00000
   1301    192.00000
   1302   1543.00000
   1303   5253.00000
   1304    678.00000
   1305    875.00000
   1306   8127.00000
   1307   1592.00000
   1308    291.00000
   1309    577.00000
   1310   1796.00000
   1311    864.00000
   1312   1710.00000
   1314   4829.00000
   1315    361.00000
   1316     54.00000
   1317     40.00000
   1318     83.00000
   1319    143.00000
   1320      9.00000
   1321    175.00000
   1322    198.00000
   1323    109.00000
   1324     35.00000
   1325     66.00000
   1326    178.00000
   1328     37.00000
   1329    153.00000
   1330     11.00000
   1331     37.00000
   1332      3.00000
   1333     23.00000
   1334      2.00000
   1335     21.00000
   1336      0.00000
   1337      1.00000
   1338      1.00000
   1339      7.00000
   1341     27.00000
   1342     10.00000
   1343     16.00000
   1344      4.00000
   1345      4.00000
   1346     13.00000
   1347      4.00000
   1348      3.00000
   1349     15.00000
   1350      4.00000
   1351     60.00000
   1352     20.00000
   1353     56.00000
   1354    129.00000
   1355     61.00000
   1356    573.00000
   1357     27.00000
   1358     23.00000
   1359      8.00000
   1360    167.00000
   1361     39.00000
   1362     19.00000
   1363     65.00000
   1364    113.00000
   1401    634.00000
   1402   2924.00000
   1403   8547.00000
   1404   1887.00000
   1405   1506.00000
   1406   6927.00000
   1407   5414.00000
   1408    654.00000
   1409   1981.00000
   1410   4519.00000
   1411   3500.00000
   1412   2475.00000
   1413   4829.00000
   1415   1087.00000
   1416    467.00000
   1417    147.00000
   1418     78.00000
   1419    356.00000
   1420     57.00000
   1421    325.00000
   1422    597.00000
   1423    177.00000
   1424    134.00000
   1425    214.00000
   1426     99.00000
   1428     62.00000
   1429    304.00000
   1430     76.00000
   1431    117.00000
   1432     26.00000
   1433    185.00000
   1434     35.00000
   1435    147.00000
   1436      5.00000
   1437      2.00000
   1438     10.00000
   1439    113.00000
   1441    313.00000
   1442    190.00000
   1443     90.00000
   1444     31.00000
   1445     17.00000
   1446      5.00000
   1447     37.00000
   1448     19.00000
   1449    250.00000
   1450     62.00000
   1451    305.00000
   1452     95.00000
   1453    182.00000
   1454    305.00000
   1455    149.00000
   1456    379.00000
   1457    203.00000
   1458     95.00000
   1459     33.00000
   1460    210.00000
   1461     82.00000
   1462    144.00000
   1463    360.00000
   1464    289.00000
   1501    549.00000
   1502   6379.00000
   1503  15253.00000
   1504   5244.00000
   1505   2038.00000
   1506   4519.00000
   1507   4797.00000
   1508   2218.00000
   1509   1846.00000
   1510    661.00000
   1511    412.00000
   1512   1864.00000
   1513    361.00000
   1514   1087.00000
   1516    280.00000
   1517    216.00000
   1518     34.00000
   1519    199.00000
   1520     53.00000
   1521    288.00000
   1522    895.00000
   1523    302.00000
   1524    647.00000
   1525    303.00000
   1526    480.00000
   1528    141.00000
   1529    329.00000
   1530     41.00000
   1531     84.00000
   1532     29.00000
   1533    164.00000
   1534     40.00000
   1535     86.00000
   1536      5.00000
   1537     18.00000
   1538     19.00000
   1539    119.00000
   1541    242.00000
   1542    221.00000
   1543     50.00000
   1544     25.00000
   1545     20.00000
   1546     22.00000
   1547     25.00000
   1548      8.00000
   1549    214.00000
   1550     79.00000
   1551    700.00000
   1552     71.00000
   1553    178.00000
   1554    665.00000
   1555    218.00000
   1556    248.00000
   1557     71.00000
   1558    106.00000
   1559     52.00000
   1560    243.00000
   1561    176.00000
   1562    309.00000
   1563    246.00000
   1564    337.00000
   1601    665.00000
   1602    938.00000
   1603   2035.00000
   1604   1230.00000
   1605  12133.00000
   1606   2460.00000
   1607   7987.00000
   1608     95.00000
   1609    340.00000
   1610    189.00000
   1611    160.00000
   1612    551.00000
   1613     54.00000
   1614    467.00000
   1615    280.00000
   1617     70.00000
   1618      1.00000
   1619    143.00000
   1620   1815.00000
   1621     50.00000
   1622    247.00000
   1623    108.00000
   1624     62.00000
   1625     96.00000
   1626     93.00000
   1628     32.00000
   1629    232.00000
   1630     12.00000
   1631     10.00000
   1632      9.00000
   1633     78.00000
   1634     13.00000
   1635      6.00000
   1636      0.00000
   1637      0.00000
   1638      5.00000
   1639     39.00000
   1641      1.00000
   1642    360.00000
   1643      8.00000
   1644      1.00000
   1645      4.00000
   1646      4.00000
   1647     23.00000
   1648     11.00000
   1649    213.00000
   1650    252.00000
   1651    818.00000
   1652    389.00000
   1653   1409.00000
   1654    926.00000
   1655    353.00000
   1656   1222.00000
   1657    580.00000
   1658    163.00000
   1659    234.00000
   1660   1328.00000
   1661    233.00000
   1662     11.00000
   1663     99.00000
   1664   1185.00000
   1701     63.00000
   1702   1126.00000
   1703   2776.00000
   1704   1895.00000
   1705    619.00000
   1706    748.00000
   1707    762.00000
   1708    176.00000
   1709    403.00000
   1710    167.00000
   1711     85.00000
   1712    777.00000
   1713     40.00000
   1714    147.00000
   1715    216.00000
   1716     70.00000
   1718      7.00000
   1719     69.00000
   1720     43.00000
   1721     22.00000
   1722    130.00000
   1723     29.00000
   1724    134.00000
   1725    220.00000
   1726     67.00000
   1728     14.00000
   1729     61.00000
   1730     22.00000
   1731      5.00000
   1732      1.00000
   1733      3.00000
   1734      2.00000
   1735      6.00000
   1736      1.00000
   1737      4.00000
   1738      5.00000
   1739    208.00000
   1741     24.00000
   1742    262.00000
   1743     22.00000
   1744     20.00000
   1745     23.00000
   1746      1.00000
   1747      5.00000
   1748      6.00000
   1749     91.00000
   1750    147.00000
   1751    833.00000
   1752      2.00000
   1753     35.00000
   1754     22.00000
   1755     32.00000
   1756    437.00000
   1757      8.00000
   1758     15.00000
   1759      3.00000
   1760    148.00000
   1761      6.00000
   1762     58.00000
   1763     48.00000
   1764     68.00000
   1801      5.00000
   1802     55.00000
   1803    172.00000
   1804     37.00000
   1805     63.00000
   1806    251.00000
   1807    258.00000
   1808      5.00000
   1809     30.00000
   1810    118.00000
   1811     36.00000
   1812     80.00000
   1813     83.00000
   1814     78.00000
   1815     34.00000
   1816      1.00000
   1817      7.00000
   1819      4.00000
   1820      0.00000
   1821     65.00000
   1822     36.00000
   1823      1.00000
   1824      1.00000
   1825      2.00000
   1826      0.00000
   1828      0.00000
   1829      2.00000
   1830      1.00000
   1831      0.00000
   1832      0.00000
   1833      0.00000
   1834      0.00000
   1835      0.00000
   1836      0.00000
   1837      0.00000
   1838      0.00000
   1839      0.00000
   1841      1.00000
   1842      0.00000
   1843      0.00000
   1844      0.00000
   1845      0.00000
   1846      0.00000
   1847      0.00000
   1848      0.00000
   1849      0.00000
   1850      0.00000
   1851      1.00000
   1852      0.00000
   1853      2.00000
   1854      1.00000
   1855      1.00000
   1856      1.00000
   1857      0.00000
   1858      0.00000
   1859      0.00000
   1860      1.00000
   1861      0.00000
   1862      1.00000
   1863      7.00000
   1864      1.00000
   1901    296.00000
   1902   1328.00000
   1903   1947.00000
   1904    578.00000
   1905    422.00000
   1906   8122.00000
   1907   2343.00000
   1908     89.00000
   1909    613.00000
   1910    210.00000
   1911    126.00000
   1912   1044.00000
   1913    143.00000
   1914    356.00000
   1915    199.00000
   1916    143.00000
   1917     69.00000
   1918      4.00000
   1920     28.00000
   1921     60.00000
   1922    218.00000
   1923     49.00000
   1924     16.00000
   1925     18.00000
   1926     33.00000
   1928      7.00000
   1929     29.00000
   1930      3.00000
   1931     14.00000
   1932      8.00000
   1933     36.00000
   1934      3.00000
   1935     28.00000
   1936      0.00000
   1937      0.00000
   1938      1.00000
   1939     38.00000
   1941    128.00000
   1942    117.00000
   1943      8.00000
   1944      6.00000
   1945      5.00000
   1946     10.00000
   1947      8.00000
   1948      3.00000
   1949     54.00000
   1950     13.00000
   1951     88.00000
   1952     15.00000
   1953     39.00000
   1954     57.00000
   1955     26.00000
   1956     19.00000
   1957     16.00000
   1958     18.00000
   1959     13.00000
   1960     40.00000
   1961     11.00000
   1962     10.00000
   1963     59.00000
   1964     19.00000
   2001    250.00000
   2002    173.00000
   2003    445.00000
   2004    224.00000
   2005   1968.00000
   2006   1055.00000
   2007   1700.00000
   2008     20.00000
   2009    111.00000
   2010     37.00000
   2011     14.00000
   2012    138.00000
   2013      9.00000
   2014     57.00000
   2015     53.00000
   2016   1815.00000
   2017     43.00000
   2018      0.00000
   2019     28.00000
   2021     14.00000
   2022     54.00000
   2023     84.00000
   2024      3.00000
   2025      5.00000
   2026      5.00000
   2028      3.00000
   2029     24.00000
   2030      8.00000
   2031      2.00000
   2032     15.00000
   2033     36.00000
   2034     16.00000
   2035     33.00000
   2036      0.00000
   2037      0.00000
   2038      0.00000
   2039     51.00000
   2041      3.00000
   2042      7.00000
   2043      2.00000
   2044      1.00000
   2045      2.00000
   2046      6.00000
   2047      3.00000
   2048      1.00000
   2049    207.00000
   2050     25.00000
   2051    116.00000
   2052    168.00000
   2053    144.00000
   2054    144.00000
   2055     42.00000
   2056    146.00000
   2057    103.00000
   2058     16.00000
   2059     47.00000
   2060    345.00000
   2061     29.00000
   2062      3.00000
   2063     24.00000
   2064    164.00000
   2101    100.00000
   2102   1411.00000
   2103   1688.00000
   2104    658.00000
   2105    223.00000
   2106   1399.00000
   2107   1173.00000
   2108    108.00000
   2109    369.00000
   2110    155.00000
   2111    122.00000
   2112    662.00000
   2113    175.00000
   2114    325.00000
   2115    288.00000
   2116     50.00000
   2117     22.00000
   2118     65.00000
   2119     60.00000
   2120     14.00000
   2122    766.00000
   2123     53.00000
   2124     39.00000
   2125      6.00000
   2126     46.00000
   2128     76.00000
   2129    201.00000
   2130      6.00000
   2131      3.00000
   2132      3.00000
   2133    130.00000
   2134      6.00000
   2135    100.00000
   2136      1.00000
   2137     16.00000
   2138      4.00000
   2139     67.00000
   2141    281.00000
   2142     15.00000
   2143     73.00000
   2144     11.00000
   2145      3.00000
   2146      1.00000
   2147      2.00000
   2148      0.00000
   2149    201.00000
   2150      4.00000
   2151    244.00000
   2152      2.00000
   2153     15.00000
   2154     12.00000
   2155     24.00000
   2156     35.00000
   2157     11.00000
   2158     15.00000
   2159      2.00000
   2160     13.00000
   2161     26.00000
   2162      6.00000
   2163     14.00000
   2164     25.00000
   2201    347.00000
   2202   7117.00000
   2203   5752.00000
   2204   3051.00000
   2205   1068.00000
   2206   4138.00000
   2207   4890.00000
   2208    376.00000
   2209   1164.00000
   2210    294.00000
   2211    210.00000
   2212   2078.00000
   2213    198.00000
   2214    597.00000
   2215    895.00000
   2216    247.00000
   2217    130.00000
   2218     36.00000
   2219    218.00000
   2220     54.00000
   2221    766.00000
   2223    195.00000
   2224    290.00000
   2225     81.00000
   2226    107.00000
   2228    316.00000
   2229    564.00000
   2230    167.00000
   2231    200.00000
   2232     41.00000
   2233   1926.00000
   2234     47.00000
   2235    377.00000
   2236      7.00000
   2237     49.00000
   2238     22.00000
   2239   1017.00000
   2241    809.00000
   2242    537.00000
   2243    446.00000
   2244    186.00000
   2245     14.00000
   2246     31.00000
   2247     10.00000
   2248      6.00000
   2249   1121.00000
   2250    100.00000
   2251    802.00000
   2252    123.00000
   2253     90.00000
   2254    169.00000
   2255    278.00000
   2256    112.00000
   2257     51.00000
   2258     65.00000
   2259     39.00000
   2260    120.00000
   2261     39.00000
   2262     52.00000
   2263    116.00000
   2264    520.00000
   2301    252.00000
   2302    917.00000
   2303   2794.00000
   2304    908.00000
   2305   2424.00000
   2306   2355.00000
   2307   3355.00000
   2308    126.00000
   2309    435.00000
   2310     68.00000
   2311     67.00000
   2312    306.00000
   2313    109.00000
   2314    177.00000
   2315    302.00000
   2316    108.00000
   2317     29.00000
   2318      1.00000
   2319     49.00000
   2320     84.00000
   2321     53.00000
   2322    195.00000
   2324     67.00000
   2325     11.00000
   2326    206.00000
   2328     81.00000
   2329     60.00000
   2330     34.00000
   2331      1.00000
   2332      7.00000
   2333      2.00000
   2334      3.00000
   2335     29.00000
   2336      7.00000
   2337      0.00000
   2338     10.00000
   2339      0.00000
   2341      0.00000
   2342      0.00000
   2343      0.00000
   2344      0.00000
   2345      0.00000
   2346      0.00000
   2347      1.00000
   2348      0.00000
   2349      0.00000
   2350      0.00000
   2351      0.00000
   2352      2.00000
   2353    396.00000
   2354    242.00000
   2355      0.00000
   2356     15.00000
   2357      0.00000
   2358      3.00000
   2359      1.00000
   2360      0.00000
   2361     17.00000
   2362     19.00000
   2363      0.00000
   2364      0.00000
   2401    139.00000
   2402    815.00000
   2403   2758.00000
   2404   1269.00000
   2405    479.00000
   2406   1164.00000
   2407   1621.00000
   2408    208.00000
   2409    393.00000
   2410     52.00000
   2411     51.00000
   2412    432.00000
   2413     35.00000
   2414    134.00000
   2415    647.00000
   2416     62.00000
   2417    134.00000
   2418      1.00000
   2419     16.00000
   2420      3.00000
   2421     39.00000
   2422    290.00000
   2423     67.00000
   2425     69.00000
   2426     46.00000
   2428     77.00000
   2429     65.00000
   2430     13.00000
   2431      5.00000
   2432      0.00000
   2433      2.00000
   2434      1.00000
   2435      5.00000
   2436      0.00000
   2437      0.00000
   2438      0.00000
   2439    261.00000
   2441      6.00000
   2442    129.00000
   2443     85.00000
   2444     64.00000
   2445      4.00000
   2446      2.00000
   2447      0.00000
   2448      1.00000
   2449   1623.00000
   2450    287.00000
   2451   1210.00000
   2452      5.00000
   2453     11.00000
   2454      8.00000
   2455     28.00000
   2456    182.00000
   2457    110.00000
   2458     19.00000
   2459      3.00000
   2460     39.00000
   2461      9.00000
   2462     62.00000
   2463    161.00000
   2464     91.00000
   2501     59.00000
   2502    712.00000
   2503   3050.00000
   2504   2028.00000
   2505     95.00000
   2506    409.00000
   2507   1056.00000
   2508    625.00000
   2509    200.00000
   2510     76.00000
   2511     20.00000
   2512    363.00000
   2513     66.00000
   2514    214.00000
   2515    303.00000
   2516     96.00000
   2517    220.00000
   2518      2.00000
   2519     18.00000
   2520      5.00000
   2521      6.00000
   2522     81.00000
   2523     11.00000
   2524     69.00000
   2526     34.00000
   2528     22.00000
   2529     42.00000
   2530     27.00000
   2531     12.00000
   2532     25.00000
   2533     13.00000
   2534     65.00000
   2535      9.00000
   2536      2.00000
   2537      1.00000
   2538      1.00000
   2539    456.00000
   2541     21.00000
   2542    183.00000
   2543     25.00000
   2544     39.00000
   2545     30.00000
   2546      2.00000
   2547      4.00000
   2548     17.00000
   2549    263.00000
   2550     34.00000
   2551     34.00000
   2552     24.00000
   2553      0.00000
   2554      3.00000
   2555     57.00000
   2556      0.00000
   2557     37.00000
   2558     25.00000
   2559      1.00000
   2560     25.00000
   2561     15.00000
   2562    621.00000
   2563    678.00000
   2564     72.00000
   2601    161.00000
   2602    572.00000
   2603   1118.00000
   2604    671.00000
   2605    380.00000
   2606   1039.00000
   2607   4742.00000
   2608     77.00000
   2609    824.00000
   2610     46.00000
   2611     61.00000
   2612    448.00000
   2613    178.00000
   2614     99.00000
   2615    480.00000
   2616     93.00000
   2617     67.00000
   2618      0.00000
   2619     33.00000
   2620      5.00000
   2621     46.00000
   2622    107.00000
   2623    206.00000
   2624     46.00000
   2625     34.00000
   2628     43.00000
   2629     68.00000
   2630      6.00000
   2631     22.00000
   2632     40.00000
   2633    282.00000
   2634      7.00000
   2635     13.00000
   2636      2.00000
   2637      6.00000
   2638     25.00000
   2639      0.00000
   2641     13.00000
   2642    533.00000
   2643      0.00000
   2644      0.00000
   2645      0.00000
   2646      2.00000
   2647      5.00000
   2648      3.00000
   2649      0.00000
   2650      0.00000
   2651      0.00000
   2652      0.00000
   2653     54.00000
   2654    204.00000
   2655     27.00000
   2656     13.00000
   2657      0.00000
   2658      0.00000
   2659      3.00000
   2660     80.00000
   2661     34.00000
   2662     12.00000
   2663      1.00000
   2664      0.00000
   2801    106.00000
   2802    364.00000
   2803    803.00000
   2804    527.00000
   2805    586.00000
   2806      5.00000
   2807   1722.00000
   2808     35.00000
   2809    183.00000
   2810     31.00000
   2811     14.00000
   2812    905.00000
   2813     37.00000
   2814     62.00000
   2815    141.00000
   2816     32.00000
   2817     14.00000
   2818      0.00000
   2819      7.00000
   2820      3.00000
   2821     76.00000
   2822    316.00000
   2823     81.00000
   2824     77.00000
   2825     22.00000
   2826     43.00000
   2829   1199.00000
   2830    282.00000
   2831    170.00000
   2832     25.00000
   2833    289.00000
   2834    242.00000
   2835    109.00000
   2836    433.00000
   2837    131.00000
   2838    191.00000
   2839     35.00000
   2841     34.00000
   2842    144.00000
   2843     23.00000
   2844     20.00000
   2845      0.00000
   2846      0.00000
   2847      0.00000
   2848      1.00000
   2849    314.00000
   2850      1.00000
   2851     13.00000
   2852     28.00000
   2853     38.00000
   2854     10.00000
   2855     57.00000
   2856     31.00000
   2857     29.00000
   2858     17.00000
   2859      1.00000
   2860     29.00000
   2861      9.00000
   2862     15.00000
   2863    114.00000
   2864    316.00000
   2901    929.00000
   2902   1371.00000
   2903   2200.00000
   2904   1527.00000
   2905   2312.00000
   2906    906.00000
   2907  10014.00000
   2908    136.00000
   2909    685.00000
   2910    137.00000
   2911    106.00000
   2912   1482.00000
   2913    153.00000
   2914    304.00000
   2915    329.00000
   2916    232.00000
   2917     61.00000
   2918      2.00000
   2919     29.00000
   2920     24.00000
   2921    201.00000
   2922    564.00000
   2923     60.00000
   2924     65.00000
   2925     42.00000
   2926     68.00000
   2928   1199.00000
   2930    432.00000
   2931    167.00000
   2932    141.00000
   2933    486.00000
   2934    243.00000
   2935   1068.00000
   2936    168.00000
   2937    318.00000
   2938    214.00000
   2939    586.00000
   2941    645.00000
   2942    201.00000
   2943     68.00000
   2944     39.00000
   2945      5.00000
   2946     27.00000
   2947      6.00000
   2948      9.00000
   2949    855.00000
   2950    236.00000
   2951   2673.00000
   2952     62.00000
   2953    154.00000
   2954    106.00000
   2955    245.00000
   2956    159.00000
   2957    211.00000
   2958     69.00000
   2959     82.00000
   2960    121.00000
   2961     90.00000
   2962    185.00000
   2963    263.00000
   2964   1238.00000
   3001    135.00000
   3002    274.00000
   3003    651.00000
   3004    227.00000
   3005    663.00000
   3006    352.00000
   3007   1541.00000
   3008     23.00000
   3009    113.00000
   3010     11.00000
   3011     24.00000
   3012     75.00000
   3013     11.00000
   3014     76.00000
   3015     41.00000
   3016     12.00000
   3017     22.00000
   3018      1.00000
   3019      3.00000
   3020      8.00000
   3021      6.00000
   3022    167.00000
   3023     34.00000
   3024     13.00000
   3025     27.00000
   3026      6.00000
   3028    282.00000
   3029    432.00000
   3031     71.00000
   3032     46.00000
   3033     25.00000
   3034      0.00000
   3035    250.00000
   3036      0.00000
   3037      0.00000
   3038     31.00000
   3039      0.00000
   3041      0.00000
   3042     12.00000
   3043      0.00000
   3044      0.00000
   3045      0.00000
   3046      0.00000
   3047      0.00000
   3048      0.00000
   3049      0.00000
   3050      0.00000
   3051      0.00000
   3052      0.00000
   3053     78.00000
   3054     19.00000
   3055      4.00000
   3056    190.00000
   3057      0.00000
   3058      8.00000
   3059      0.00000
   3060     14.00000
   3061      2.00000
   3062     50.00000
   3063      0.00000
   3064    133.00000
   3101    157.00000
   3102    210.00000
   3103    818.00000
   3104    193.00000
   3105    572.00000
   3106    213.00000
   3107   2592.00000
   3108     20.00000
   3109     92.00000
   3110     42.00000
   3111     84.00000
   3112    236.00000
   3113     37.00000
   3114    117.00000
   3115     84.00000
   3116     10.00000
   3117      5.00000
   3118      0.00000
   3119     14.00000
   3120      2.00000
   3121      3.00000
   3122    200.00000
   3123      1.00000
   3124      5.00000
   3125     12.00000
   3126     22.00000
   3128    170.00000
   3129    167.00000
   3130     71.00000
   3132    139.00000
   3133     50.00000
   3134    301.00000
   3135    522.00000
   3136      8.00000
   3137      2.00000
   3138      4.00000
   3139     60.00000
   3141      0.00000
   3142      0.00000
   3143      4.00000
   3144      0.00000
   3145      0.00000
   3146      0.00000
   3147      0.00000
   3148      0.00000
   3149      2.00000
   3150      0.00000
   3151      0.00000
   3152      1.00000
   3153     10.00000
   3154      3.00000
   3155     15.00000
   3156     20.00000
   3157     10.00000
   3158      0.00000
   3159      0.00000
   3160     14.00000
   3161      0.00000
   3162     32.00000
   3163      8.00000
   3164      1.00000
   3201     40.00000
   3202     40.00000
   3203    185.00000
   3204     67.00000
   3205    200.00000
   3206     82.00000
   3207   2121.00000
   3208      8.00000
   3209     17.00000
   3210      6.00000
   3211      2.00000
   3212     45.00000
   3213      3.00000
   3214     26.00000
   3215     29.00000
   3216      9.00000
   3217      1.00000
   3218      0.00000
   3219      8.00000
   3220     15.00000
   3221      3.00000
   3222     41.00000
   3223      7.00000
   3224      0.00000
   3225     25.00000
   3226     40.00000
   3228     25.00000
   3229    141.00000
   3230     46.00000
   3231    139.00000
   3233      0.00000
   3234      0.00000
   3235      5.00000
   3236      0.00000
   3237      0.00000
   3238      3.00000
   3239      0.00000
   3241      0.00000
   3242     10.00000
   3243      0.00000
   3244      0.00000
   3245      0.00000
   3246      0.00000
   3247      0.00000
   3248      0.00000
   3249      0.00000
   3250      0.00000
   3251      0.00000
   3252      0.00000
   3253    248.00000
   3254      6.00000
   3255      0.00000
   3256    519.00000
   3257      0.00000
   3258      0.00000
   3259      0.00000
   3260      9.00000
   3261      0.00000
   3262     28.00000
   3263      1.00000
   3264      0.00000
   3301    724.00000
   3302    777.00000
   3303    978.00000
   3304    601.00000
   3305   2742.00000
   3306    507.00000
   3307  31341.00000
   3308    155.00000
   3309    138.00000
   3310     20.00000
   3311     25.00000
   3312    425.00000
   3313     23.00000
   3314    185.00000
   3315    164.00000
   3316     78.00000
   3317      3.00000
   3318      0.00000
   3319     36.00000
   3320     36.00000
   3321    130.00000
   3322   1926.00000
   3323      2.00000
   3324      2.00000
   3325     13.00000
   3326    282.00000
   3328    289.00000
   3329    486.00000
   3330     25.00000
   3331     50.00000
   3332      0.00000
   3334      0.00000
   3335     19.00000
   3336      0.00000
   3337      0.00000
   3338     25.00000
   3339     10.00000
   3341      0.00000
   3342      0.00000
   3343     26.00000
   3344      1.00000
   3345      0.00000
   3346      0.00000
   3347      0.00000
   3348      0.00000
   3349      0.00000
   3350      0.00000
   3351      0.00000
   3352      8.00000
   3353     37.00000
   3354     24.00000
   3355      0.00000
   3356    134.00000
   3357      0.00000
   3358      1.00000
   3359     29.00000
   3360     21.00000
   3361     10.00000
   3362     12.00000
   3363      2.00000
   3364     73.00000
   3401     64.00000
   3402    142.00000
   3403    225.00000
   3404    148.00000
   3405    448.00000
   3406    131.00000
   3407   1328.00000
   3408     10.00000
   3409    108.00000
   3410      6.00000
   3411      8.00000
   3412     39.00000
   3413      2.00000
   3414     35.00000
   3415     40.00000
   3416     13.00000
   3417      2.00000
   3418      0.00000
   3419      3.00000
   3420     16.00000
   3421      6.00000
   3422     47.00000
   3423      3.00000
   3424      1.00000
   3425     65.00000
   3426      7.00000
   3428    242.00000
   3429    243.00000
   3430      0.00000
   3431    301.00000
   3432      0.00000
   3433      0.00000
   3435     68.00000
   3436      0.00000
   3437      0.00000
   3438     11.00000
   3439      1.00000
   3441      0.00000
   3442      2.00000
   3443      0.00000
   3444      0.00000
   3445      0.00000
   3446      0.00000
   3447      0.00000
   3448      0.00000
   3449      0.00000
   3450      0.00000
   3451      0.00000
   3452     18.00000
   3453     13.00000
   3454     18.00000
   3455     41.00000
   3456    158.00000
   3457      0.00000
   3458      2.00000
   3459     16.00000
   3460      8.00000
   3461      2.00000
   3462     32.00000
   3463      2.00000
   3464     47.00000
   3501    701.00000
   3502    501.00000
   3503   1235.00000
   3504    955.00000
   3505    645.00000
   3506    376.00000
   3507   6641.00000
   3508     41.00000
   3509    189.00000
   3510     92.00000
   3511     32.00000
   3512    178.00000
   3513     21.00000
   3514    147.00000
   3515     86.00000
   3516      6.00000
   3517      6.00000
   3518      0.00000
   3519     28.00000
   3520     33.00000
   3521    100.00000
   3522    377.00000
   3523     29.00000
   3524      5.00000
   3525      9.00000
   3526     13.00000
   3528    109.00000
   3529   1068.00000
   3530    250.00000
   3531    522.00000
   3532      5.00000
   3533     19.00000
   3534     68.00000
   3536      0.00000
   3537      0.00000
   3538     24.00000
   3539      0.00000
   3541      0.00000
   3542     52.00000
   3543      4.00000
   3544      4.00000
   3545      0.00000
   3546      0.00000
   3547      0.00000
   3548      0.00000
   3549      0.00000
   3550      0.00000
   3551      0.00000
   3552      1.00000
   3553     48.00000
   3554     35.00000
   3555    138.00000
   3556     37.00000
   3557      0.00000
   3558      0.00000
   3559      2.00000
   3560     20.00000
   3561      6.00000
   3562      3.00000
   3563      0.00000
   3564      0.00000
   3601      7.00000
   3602     45.00000
   3603     55.00000
   3604      5.00000
   3605     54.00000
   3606     29.00000
   3607    211.00000
   3608      4.00000
   3609     15.00000
   3610      1.00000
   3611      1.00000
   3612     10.00000
   3613      0.00000
   3614      5.00000
   3615      5.00000
   3616      0.00000
   3617      1.00000
   3618      0.00000
   3619      0.00000
   3620      0.00000
   3621      1.00000
   3622      7.00000
   3623      7.00000
   3624      0.00000
   3625      2.00000
   3626      2.00000
   3628    433.00000
   3629    168.00000
   3630      0.00000
   3631      8.00000
   3632      0.00000
   3633      0.00000
   3634      0.00000
   3635      0.00000
   3637      0.00000
   3638      4.00000
   3639      0.00000
   3641      0.00000
   3642      0.00000
   3643      0.00000
   3644      0.00000
   3645      0.00000
   3646      0.00000
   3647      0.00000
   3648      0.00000
   3649      0.00000
   3650      0.00000
   3651      0.00000
   3652      0.00000
   3653      6.00000
   3654      0.00000
   3655      0.00000
   3656      4.00000
   3657      0.00000
   3658      0.00000
   3659      0.00000
   3660      0.00000
   3661     17.00000
   3662      1.00000
   3663      1.00000
   3664      0.00000
   3701      4.00000
   3702     56.00000
   3703     66.00000
   3704     29.00000
   3705     42.00000
   3706     22.00000
   3707    104.00000
   3708      5.00000
   3709     24.00000
   3710      2.00000
   3711      0.00000
   3712     14.00000
   3713      1.00000
   3714      2.00000
   3715     18.00000
   3716      0.00000
   3717      4.00000
   3718      0.00000
   3719      0.00000
   3720      0.00000
   3721     16.00000
   3722     49.00000
   3723      0.00000
   3724      0.00000
   3725      1.00000
   3726      6.00000
   3728    131.00000
   3729    318.00000
   3730      0.00000
   3731      2.00000
   3732      0.00000
   3733      0.00000
   3734      0.00000
   3735      0.00000
   3736      0.00000
   3738     28.00000
   3739      9.00000
   3741      0.00000
   3742      0.00000
   3743      0.00000
   3744      0.00000
   3745      0.00000
   3746      0.00000
   3747      0.00000
   3748      0.00000
   3749      0.00000
   3750      0.00000
   3751      0.00000
   3752      0.00000
   3753      2.00000
   3754     15.00000
   3755      0.00000
   3756      4.00000
   3757      0.00000
   3758      0.00000
   3759      0.00000
   3760      0.00000
   3761      0.00000
   3762      0.00000
   3763      0.00000
   3764      0.00000
   3801      9.00000
   3802     34.00000
   3803    116.00000
   3804     34.00000
   3805     37.00000
   3806     53.00000
   3807    173.00000
   3808      8.00000
   3809     13.00000
   3810      5.00000
   3811      3.00000
   3812     35.00000
   3813      1.00000
   3814     10.00000
   3815     19.00000
   3816      5.00000
   3817      5.00000
   3818      0.00000
   3819      1.00000
   3820      0.00000
   3821      4.00000
   3822     22.00000
   3823     10.00000
   3824      0.00000
   3825      1.00000
   3826     25.00000
   3828    191.00000
   3829    214.00000
   3830     31.00000
   3831      4.00000
   3832      3.00000
   3833     25.00000
   3834     11.00000
   3835     24.00000
   3836      4.00000
   3837     28.00000
   3839      0.00000
   3841    103.00000
   3842     16.00000
   3843      0.00000
   3844      0.00000
   3845      0.00000
   3846      1.00000
   3847      0.00000
   3848      0.00000
   3849    150.00000
   3850      2.00000
   3851     14.00000
   3852      0.00000
   3853     20.00000
   3854      9.00000
   3855      1.00000
   3856      8.00000
   3857     25.00000
   3858      0.00000
   3859      1.00000
   3860      3.00000
   3861      0.00000
   3862      7.00000
   3863      5.00000
   3864     42.00000
   3901    442.00000
   3902   5465.00000
   3903   1336.00000
   3904   3286.00000
   3905    535.00000
   3906    530.00000
   3907   2723.00000
   3908    213.00000
   3909    351.00000
   3910     57.00000
   3911     88.00000
   3912   1162.00000
   3913      7.00000
   3914    113.00000
   3915    119.00000
   3916     39.00000
   3917    208.00000
   3918      0.00000
   3919     38.00000
   3920     51.00000
   3921     67.00000
   3922   1017.00000
   3923      0.00000
   3924    261.00000
   3925    456.00000
   3926      0.00000
   3928     35.00000
   3929    586.00000
   3930      0.00000
   3931     60.00000
   3932      0.00000
   3933     10.00000
   3934      1.00000
   3935      0.00000
   3936      0.00000
   3937      9.00000
   3938      0.00000
   3941      0.00000
   3942      5.00000
   3943      0.00000
   3944    117.00000
   3945      0.00000
   3946      0.00000
   3947      0.00000
   3948      0.00000
   3949      7.00000
   3950      5.00000
   3951      6.00000
   3952     35.00000
   3953      0.00000
   3954      0.00000
   3955      8.00000
   3956      0.00000
   3957     10.00000
   3958      4.00000
   3959      1.00000
   3960      8.00000
   3961     10.00000
   3962    115.00000
   3963     72.00000
   3964     65.00000
   4101    193.00000
   4102   2427.00000
   4103   2362.00000
   4104   1860.00000
   4105    347.00000
   4106   1963.00000
   4107   3263.00000
   4108    203.00000
   4109    470.00000
   4110     85.00000
   4111     29.00000
   4112    868.00000
   4113     27.00000
   4114    313.00000
   4115    242.00000
   4116      1.00000
   4117     24.00000
   4118      1.00000
   4119    128.00000
   4120      3.00000
   4121    281.00000
   4122    809.00000
   4123      0.00000
   4124      6.00000
   4125     21.00000
   4126     13.00000
   4128     34.00000
   4129    645.00000
   4130      0.00000
   4131      0.00000
   4132      0.00000
   4133      0.00000
   4134      0.00000
   4135      0.00000
   4136      0.00000
   4137      0.00000
   4138    103.00000
   4139      0.00000
   4142      0.00000
   4143      6.00000
   4144      2.00000
   4145      0.00000
   4146      1.00000
   4147      1.00000
   4148      0.00000
   4149      0.00000
   4150      0.00000
   4151      0.00000
   4152      1.00000
   4153     91.00000
   4154     23.00000
   4155      1.00000
   4156     39.00000
   4157      2.00000
   4158      2.00000
   4159      0.00000
   4160     69.00000
   4161     75.00000
   4162     72.00000
   4163      9.00000
   4164      0.00000
   4201    143.00000
   4202   1435.00000
   4203   1166.00000
   4204   2477.00000
   4205    845.00000
   4206    647.00000
   4207   1998.00000
   4208    141.00000
   4209    222.00000
   4210     88.00000
   4211    120.00000
   4212    505.00000
   4213     10.00000
   4214    190.00000
   4215    221.00000
   4216    360.00000
   4217    262.00000
   4218      0.00000
   4219    117.00000
   4220      7.00000
   4221     15.00000
   4222    537.00000
   4223      0.00000
   4224    129.00000
   4225    183.00000
   4226    533.00000
   4228    144.00000
   4229    201.00000
   4230     12.00000
   4231      0.00000
   4232     10.00000
   4233      0.00000
   4234      2.00000
   4235     52.00000
   4236      0.00000
   4237      0.00000
   4238     16.00000
   4239      5.00000
   4241      0.00000
   4243      4.00000
   4244     11.00000
   4245     28.00000
   4246      2.00000
   4247     14.00000
   4248      1.00000
   4249      0.00000
   4250     11.00000
   4251     81.00000
   4252     30.00000
   4253    131.00000
   4254     30.00000
   4255     53.00000
   4256    231.00000
   4257      4.00000
   4258      2.00000
   4259      5.00000
   4260     46.00000
   4261     12.00000
   4262     90.00000
   4263     57.00000
   4264    197.00000
   4301    134.00000
   4302   1541.00000
   4303    371.00000
   4304    280.00000
   4305    143.00000
   4306    191.00000
   4307    249.00000
   4308     10.00000
   4309    197.00000
   4310     37.00000
   4311     26.00000
   4312    146.00000
   4313     16.00000
   4314     90.00000
   4315     50.00000
   4316      8.00000
   4317     22.00000
   4318      0.00000
   4319      8.00000
   4320      2.00000
   4321     73.00000
   4322    446.00000
   4323      0.00000
   4324     85.00000
   4325     25.00000
   4326      0.00000
   4328     23.00000
   4329     68.00000
   4330      0.00000
   4331      4.00000
   4332      0.00000
   4333     26.00000
   4334      0.00000
   4335      4.00000
   4336      0.00000
   4337      0.00000
   4338      0.00000
   4339      0.00000
   4341      6.00000
   4342      4.00000
   4344     21.00000
   4345      0.00000
   4346      0.00000
   4347      0.00000
   4348      0.00000
   4349      0.00000
   4350     81.00000
   4351    823.00000
   4352     58.00000
   4353      6.00000
   4354      3.00000
   4355    135.00000
   4356     13.00000
   4357      4.00000
   4358      1.00000
   4359      5.00000
   4360      6.00000
   4361      1.00000
   4362      9.00000
   4363     70.00000
   4364     75.00000
   4401     58.00000
   4402   1152.00000
   4403    519.00000
   4404    634.00000
   4405     27.00000
   4406    182.00000
   4407    256.00000
   4408     15.00000
   4409    157.00000
   4410      6.00000
   4411     17.00000
   4412     98.00000
   4413      4.00000
   4414     31.00000
   4415     25.00000
   4416      1.00000
   4417     20.00000
   4418      0.00000
   4419      6.00000
   4420      1.00000
   4421     11.00000
   4422    186.00000
   4423      0.00000
   4424     64.00000
   4425     39.00000
   4426      0.00000
   4428     20.00000
   4429     39.00000
   4430      0.00000
   4431      0.00000
   4432      0.00000
   4433      1.00000
   4434      0.00000
   4435      4.00000
   4436      0.00000
   4437      0.00000
   4438      0.00000
   4439    117.00000
   4441      2.00000
   4442     11.00000
   4443     21.00000
   4445      3.00000
   4446      0.00000
   4447      0.00000
   4448      0.00000
   4449     12.00000
   4450      2.00000
   4451     39.00000
   4452     18.00000
   4453      1.00000
   4454      0.00000
   4455     34.00000
   4456      2.00000
   4457      4.00000
   4458      1.00000
   4459      0.00000
   4460      1.00000
   4461      2.00000
   4462     23.00000
   4463     16.00000
   4464     59.00000
   4501     14.00000
   4502    106.00000
   4503    141.00000
   4504    102.00000
   4505     76.00000
   4506    158.00000
   4507    242.00000
   4508      7.00000
   4509     31.00000
   4510     10.00000
   4511      6.00000
   4512     63.00000
   4513      4.00000
   4514     17.00000
   4515     20.00000
   4516      4.00000
   4517     23.00000
   4518      0.00000
   4519      5.00000
   4520      2.00000
   4521      3.00000
   4522     14.00000
   4523      0.00000
   4524      4.00000
   4525     30.00000
   4526      0.00000
   4528      0.00000
   4529      5.00000
   4530      0.00000
   4531      0.00000
   4532      0.00000
   4533      0.00000
   4534      0.00000
   4535      0.00000
   4536      0.00000
   4537      0.00000
   4538      0.00000
   4539      0.00000
   4541      0.00000
   4542     28.00000
   4543      0.00000
   4544      3.00000
   4546      0.00000
   4547     29.00000
   4548      6.00000
   4549      0.00000
   4550     63.00000
   4551    144.00000
   4552      4.00000
   4553     43.00000
   4554      6.00000
   4555     32.00000
   4556     32.00000
   4557      0.00000
   4558      5.00000
   4559      1.00000
   4560      9.00000
   4561     30.00000
   4562      7.00000
   4563      5.00000
   4564     53.00000
   4601     18.00000
   4602     37.00000
   4603    130.00000
   4604     27.00000
   4605    108.00000
   4606    345.00000
   4607    114.00000
   4608      7.00000
   4609     20.00000
   4610      2.00000
   4611      2.00000
   4612     41.00000
   4613     13.00000
   4614      5.00000
   4615     22.00000
   4616      4.00000
   4617      1.00000
   4618      0.00000
   4619     10.00000
   4620      6.00000
   4621      1.00000
   4622     31.00000
   4623      0.00000
   4624      2.00000
   4625      2.00000
   4626      2.00000
   4628      0.00000
   4629     27.00000
   4630      0.00000
   4631      0.00000
   4632      0.00000
   4633      0.00000
   4634      0.00000
   4635      0.00000
   4636      0.00000
   4637      0.00000
   4638      1.00000
   4639      0.00000
   4641      1.00000
   4642      2.00000
   4643      0.00000
   4644      0.00000
   4645      0.00000
   4647      3.00000
   4648      0.00000
   4649      0.00000
   4650      0.00000
   4651      0.00000
   4652      0.00000
   4653      6.00000
   4654      2.00000
   4655      0.00000
   4656     15.00000
   4657      0.00000
   4658      0.00000
   4659      0.00000
   4660      9.00000
   4661     10.00000
   4662      7.00000
   4663      0.00000
   4664      0.00000
   4701     20.00000
   4702     73.00000
   4703    263.00000
   4704     72.00000
   4705    146.00000
   4706    411.00000
   4707    168.00000
   4708     10.00000
   4709     40.00000
   4710     12.00000
   4711     22.00000
   4712     92.00000
   4713      4.00000
   4714     37.00000
   4715     25.00000
   4716     23.00000
   4717      5.00000
   4718      0.00000
   4719      8.00000
   4720      3.00000
   4721      2.00000
   4722     10.00000
   4723      1.00000
   4724      0.00000
   4725      4.00000
   4726      5.00000
   4728      0.00000
   4729      6.00000
   4730      0.00000
   4731      0.00000
   4732      0.00000
   4733      0.00000
   4734      0.00000
   4735      0.00000
   4736      0.00000
   4737      0.00000
   4738      0.00000
   4739      0.00000
   4741      1.00000
   4742     14.00000
   4743      0.00000
   4744      0.00000
   4745     29.00000
   4746      3.00000
   4748      4.00000
   4749    142.00000
   4750     19.00000
   4751    231.00000
   4752      0.00000
   4753     10.00000
   4754      7.00000
   4755     14.00000
   4756     15.00000
   4757     73.00000
   4758     47.00000
   4759      0.00000
   4760     70.00000
   4761      3.00000
   4762      1.00000
   4763      1.00000
   4764      9.00000
   4801     45.00000
   4802     70.00000
   4803    155.00000
   4804    177.00000
   4805     92.00000
   4806     96.00000
   4807    236.00000
   4808      8.00000
   4809     27.00000
   4810      6.00000
   4811      9.00000
   4812     82.00000
   4813      3.00000
   4814     19.00000
   4815      8.00000
   4816     11.00000
   4817      6.00000
   4818      0.00000
   4819      3.00000
   4820      1.00000
   4821      0.00000
   4822      6.00000
   4823      0.00000
   4824      1.00000
   4825     17.00000
   4826      3.00000
   4828      1.00000
   4829      9.00000
   4830      0.00000
   4831      0.00000
   4832      0.00000
   4833      0.00000
   4834      0.00000
   4835      0.00000
   4836      0.00000
   4837      0.00000
   4838      0.00000
   4839      0.00000
   4841      0.00000
   4842      1.00000
   4843      0.00000
   4844      0.00000
   4845      6.00000
   4846      0.00000
   4847      4.00000
   4849      0.00000
   4850      0.00000
   4851     12.00000
   4852      0.00000
   4853      5.00000
   4854      0.00000
   4855      8.00000
   4856     20.00000
   4857      0.00000
   4858      4.00000
   4859      0.00000
   4860      9.00000
   4861      0.00000
   4862      2.00000
   4863      2.00000
   4864      1.00000
   4901    263.00000
   4902    657.00000
   4903   1938.00000
   4904   2031.00000
   4905   3741.00000
   4906    696.00000
   4907    863.00000
   4908    182.00000
   4909    224.00000
   4910     70.00000
   4911     91.00000
   4912   1039.00000
   4913     15.00000
   4914    250.00000
   4915    214.00000
   4916    213.00000
   4917     91.00000
   4918      0.00000
   4919     54.00000
   4920    207.00000
   4921    201.00000
   4922   1121.00000
   4923      0.00000
   4924   1623.00000
   4925    263.00000
   4926      0.00000
   4928    314.00000
   4929    855.00000
   4930      0.00000
   4931      2.00000
   4932      0.00000
   4933      0.00000
   4934      0.00000
   4935      0.00000
   4936      0.00000
   4937      0.00000
   4938    150.00000
   4939      7.00000
   4941      0.00000
   4942      0.00000
   4943      0.00000
   4944     12.00000
   4945      0.00000
   4946      0.00000
   4947    142.00000
   4948      0.00000
   4950    116.00000
   4951      0.00000
   4952      1.00000
   4953     52.00000
   4954      4.00000
   4955    837.00000
   4956   1033.00000
   4957      0.00000
   4958    124.00000
   4959     25.00000
   4960    768.00000
   4961     65.00000
   4962    303.00000
   4963    180.00000
   4964      0.00000
   5001     23.00000
   5002    456.00000
   5003    881.00000
   5004   1767.00000
   5005   2610.00000
   5006    540.00000
   5007    570.00000
   5008     35.00000
   5009     79.00000
   5010    241.00000
   5011      7.00000
   5012    745.00000
   5013      4.00000
   5014     62.00000
   5015     79.00000
   5016    252.00000
   5017    147.00000
   5018      0.00000
   5019     13.00000
   5020     25.00000
   5021      4.00000
   5022    100.00000
   5023      0.00000
   5024    287.00000
   5025     34.00000
   5026      0.00000
   5028      1.00000
   5029    236.00000
   5030      0.00000
   5031      0.00000
   5032      0.00000
   5033      0.00000
   5034      0.00000
   5035      0.00000
   5036      0.00000
   5037      0.00000
   5038      2.00000
   5039      5.00000
   5041      0.00000
   5042     11.00000
   5043     81.00000
   5044      2.00000
   5045     63.00000
   5046      0.00000
   5047     19.00000
   5048      0.00000
   5049    116.00000
   5051      0.00000
   5052      6.00000
   5053   1163.00000
   5054     48.00000
   5055    264.00000
   5056    773.00000
   5057      0.00000
   5058    331.00000
   5059    253.00000
   5060    689.00000
   5061     81.00000
   5062     21.00000
   5063     10.00000
   5064     69.00000
   5101    186.00000
   5102   2573.00000
   5103   2502.00000
   5104   2975.00000
   5105  11425.00000
   5106   2128.00000
   5107   5240.00000
   5108    347.00000
   5109    701.00000
   5110    148.00000
   5111    170.00000
   5112    735.00000
   5113     60.00000
   5114    305.00000
   5115    700.00000
   5116    818.00000
   5117    833.00000
   5118      1.00000
   5119     88.00000
   5120    116.00000
   5121    244.00000
   5122    802.00000
   5123      0.00000
   5124   1210.00000
   5125     34.00000
   5126      0.00000
   5128     13.00000
   5129   2673.00000
   5130      0.00000
   5131      0.00000
   5132      0.00000
   5133      0.00000
   5134      0.00000
   5135      0.00000
   5136      0.00000
   5137      0.00000
   5138     14.00000
   5139      6.00000
   5141      0.00000
   5142     81.00000
   5143    823.00000
   5144     39.00000
   5145    144.00000
   5146      0.00000
   5147    231.00000
   5148     12.00000
   5149      0.00000
   5150      0.00000
   5152    956.00000
   5153   2442.00000
   5154    123.00000
   5155   1721.00000
   5156   2796.00000
   5157      0.00000
   5158    802.00000
   5159    802.00000
   5160   2888.00000
   5161   1110.00000
   5162    122.00000
   5163      9.00000
   5164     78.00000
   5201    235.00000
   5202    489.00000
   5203    945.00000
   5204    296.00000
   5205  11548.00000
   5206    366.00000
   5207   5431.00000
   5208     29.00000
   5209    133.00000
   5210     21.00000
   5211     23.00000
   5212    590.00000
   5213     20.00000
   5214     95.00000
   5215     71.00000
   5216    389.00000
   5217      2.00000
   5218      0.00000
   5219     15.00000
   5220    168.00000
   5221      2.00000
   5222    123.00000
   5223      2.00000
   5224      5.00000
   5225     24.00000
   5226      0.00000
   5228     28.00000
   5229     62.00000
   5230      0.00000
   5231      1.00000
   5232      0.00000
   5233      8.00000
   5234     18.00000
   5235      1.00000
   5236      0.00000
   5237      0.00000
   5238      0.00000
   5239     35.00000
   5241      1.00000
   5242     30.00000
   5243     58.00000
   5244     18.00000
   5245      4.00000
   5246      0.00000
   5247      0.00000
   5248      0.00000
   5249      1.00000
   5250      6.00000
   5251    956.00000
   5253    482.00000
   5254    185.00000
   5255     43.00000
   5256    374.00000
   5257    173.00000
   5258     45.00000
   5259    139.00000
   5260   2740.00000
   5261     81.00000
   5262     16.00000
   5263     26.00000
   5264    141.00000
   5301   1216.00000
   5302    815.00000
   5303   1418.00000
   5304    322.00000
   5305   8537.00000
   5306    861.00000
   5307  19170.00000
   5308     59.00000
   5309    278.00000
   5310     93.00000
   5311     28.00000
   5312    492.00000
   5313     56.00000
   5314    182.00000
   5315    178.00000
   5316   1409.00000
   5317     35.00000
   5318      2.00000
   5319     39.00000
   5320    144.00000
   5321     15.00000
   5322     90.00000
   5323    396.00000
   5324     11.00000
   5325      0.00000
   5326     54.00000
   5328     38.00000
   5329    154.00000
   5330     78.00000
   5331     10.00000
   5332    248.00000
   5333     37.00000
   5334     13.00000
   5335     48.00000
   5336      6.00000
   5337      2.00000
   5338     20.00000
   5339      0.00000
   5341     91.00000
   5342    131.00000
   5343      6.00000
   5344      1.00000
   5345     43.00000
   5346      6.00000
   5347     10.00000
   5348      5.00000
   5349     52.00000
   5350   1163.00000
   5351   2442.00000
   5352    482.00000
   5354   2278.00000
   5355    134.00000
   5356    473.00000
   5357    990.00000
   5358    131.00000
   5359    316.00000
   5360   1296.00000
   5361    452.00000
   5362      1.00000
   5363      0.00000
   5364      0.00000
   5401    784.00000
   5402    649.00000
   5403   1761.00000
   5404    623.00000
   5405   7245.00000
   5406   2316.00000
   5407   9993.00000
   5408    131.00000
   5409    346.00000
   5410    143.00000
   5411     71.00000
   5412    432.00000
   5413    129.00000
   5414    305.00000
   5415    665.00000
   5416    926.00000
   5417     22.00000
   5418      1.00000
   5419     57.00000
   5420    144.00000
   5421     12.00000
   5422    169.00000
   5423    242.00000
   5424      8.00000
   5425      3.00000
   5426    204.00000
   5428     10.00000
   5429    106.00000
   5430     19.00000
   5431      3.00000
   5432      6.00000
   5433     24.00000
   5434     18.00000
   5435     35.00000
   5436      0.00000
   5437     15.00000
   5438      9.00000
   5439      0.00000
   5441     23.00000
   5442     30.00000
   5443      3.00000
   5444      0.00000
   5445      6.00000
   5446      2.00000
   5447      7.00000
   5448      0.00000
   5449      4.00000
   5450     48.00000
   5451    123.00000
   5452    185.00000
   5453   2278.00000
   5455     93.00000
   5456   2010.00000
   5457    337.00000
   5458     98.00000
   5459    317.00000
   5460   1741.00000
   5461    365.00000
   5462      7.00000
   5463     21.00000
   5464  11882.00000
   5501    432.00000
   5502    783.00000
   5503   1579.00000
   5504    429.00000
   5505   2600.00000
   5506   1672.00000
   5507   3400.00000
   5508     68.00000
   5509    932.00000
   5510     91.00000
   5511     62.00000
   5512    384.00000
   5513     61.00000
   5514    149.00000
   5515    218.00000
   5516    353.00000
   5517     32.00000
   5518      1.00000
   5519     26.00000
   5520     42.00000
   5521     24.00000
   5522    278.00000
   5523      0.00000
   5524     28.00000
   5525     57.00000
   5526     27.00000
   5528     57.00000
   5529    245.00000
   5530      4.00000
   5531     15.00000
   5532      0.00000
   5533      0.00000
   5534     41.00000
   5535    138.00000
   5536      0.00000
   5537      0.00000
   5538      1.00000
   5539      8.00000
   5541      1.00000
   5542     53.00000
   5543    135.00000
   5544     34.00000
   5545     32.00000
   5546      0.00000
   5547     14.00000
   5548      8.00000
   5549    837.00000
   5550    264.00000
   5551   1721.00000
   5552     43.00000
   5553    134.00000
   5554     93.00000
   5556    558.00000
   5557     88.00000
   5558     39.00000
   5559      6.00000
   5560    588.00000
   5561     91.00000
   5562     45.00000
   5563     80.00000
   5564     55.00000
   5601   1801.00000
   5602    780.00000
   5603   1901.00000
   5604    390.00000
   5605  11673.00000
   5606   1449.00000
   5607  16454.00000
   5608    108.00000
   5609    241.00000
   5610    125.00000
   5611     96.00000
   5612    509.00000
   5613    573.00000
   5614    379.00000
   5615    248.00000
   5616   1222.00000
   5617    437.00000
   5618      1.00000
   5619     19.00000
   5620    146.00000
   5621     35.00000
   5622    112.00000
   5623     15.00000
   5624    182.00000
   5625      0.00000
   5626     13.00000
   5628     31.00000
   5629    159.00000
   5630    190.00000
   5631     20.00000
   5632    519.00000
   5633    134.00000
   5634    158.00000
   5635     37.00000
   5636      4.00000
   5637      4.00000
   5638      8.00000
   5639      0.00000
   5641     39.00000
   5642    231.00000
   5643     13.00000
   5644      2.00000
   5645     32.00000
   5646     15.00000
   5647     15.00000
   5648     20.00000
   5649   1033.00000
   5650    773.00000
   5651   2796.00000
   5652    374.00000
   5653    473.00000
   5654   2010.00000
   5655    558.00000
   5657   1666.00000
   5658    145.00000
   5659    374.00000
   5660    772.00000
   5661    275.00000
   5662      3.00000
   5663      0.00000
   5664      0.00000
   5701    254.00000
   5702    421.00000
   5703   1053.00000
   5704    247.00000
   5705   5792.00000
   5706    851.00000
   5707   3318.00000
   5708     42.00000
   5709    182.00000
   5710     67.00000
   5711     28.00000
   5712    329.00000
   5713     27.00000
   5714    203.00000
   5715     71.00000
   5716    580.00000
   5717      8.00000
   5718      0.00000
   5719     16.00000
   5720    103.00000
   5721     11.00000
   5722     51.00000
   5723      0.00000
   5724    110.00000
   5725     37.00000
   5726      0.00000
   5728     29.00000
   5729    211.00000
   5730      0.00000
   5731     10.00000
   5732      0.00000
   5733      0.00000
   5734      0.00000
   5735      0.00000
   5736      0.00000
   5737      0.00000
   5738     25.00000
   5739     10.00000
   5741      2.00000
   5742      4.00000
   5743      4.00000
   5744      4.00000
   5745      0.00000
   5746      0.00000
   5747     73.00000
   5748      0.00000
   5749      0.00000
   5750      0.00000
   5751      0.00000
   5752    173.00000
   5753    990.00000
   5754    337.00000
   5755     88.00000
   5756   1666.00000
   5758    260.00000
   5759    360.00000
   5760   8649.00000
   5761   1099.00000
   5762     36.00000
   5763     16.00000
   5764    428.00000
   5801    130.00000
   5802    203.00000
   5803    564.00000
   5804    286.00000
   5805   1093.00000
   5806    477.00000
   5807   1099.00000
   5808     18.00000
   5809     90.00000
   5810     32.00000
   5811     53.00000
   5812    103.00000
   5813     23.00000
   5814     95.00000
   5815    106.00000
   5816    163.00000
   5817     15.00000
   5818      0.00000
   5819     18.00000
   5820     16.00000
   5821     15.00000
   5822     65.00000
   5823      3.00000
   5824     19.00000
   5825     25.00000
   5826      0.00000
   5828     17.00000
   5829     69.00000
   5830      8.00000
   5831      0.00000
   5832      0.00000
   5833      1.00000
   5834      2.00000
   5835      0.00000
   5836      0.00000
   5837      0.00000
   5838      0.00000
   5839      4.00000
   5841      2.00000
   5842      2.00000
   5843      1.00000
   5844      1.00000
   5845      5.00000
   5846      0.00000
   5847     47.00000
   5848      4.00000
   5849    124.00000
   5850    331.00000
   5851    802.00000
   5852     45.00000
   5853    131.00000
   5854     98.00000
   5855     39.00000
   5856    145.00000
   5857    260.00000
   5859     14.00000
   5860    260.00000
   5861     48.00000
   5862     30.00000
   5863     17.00000
   5864    349.00000
   5901    105.00000
   5902    143.00000
   5903    341.00000
   5904     63.00000
   5905   1924.00000
   5906    316.00000
   5907   3183.00000
   5908     12.00000
   5909     28.00000
   5910     18.00000
   5911     10.00000
   5912    279.00000
   5913      8.00000
   5914     33.00000
   5915     52.00000
   5916    234.00000
   5917      3.00000
   5918      0.00000
   5919     13.00000
   5920     47.00000
   5921      2.00000
   5922     39.00000
   5923      1.00000
   5924      3.00000
   5925      1.00000
   5926      3.00000
   5928      1.00000
   5929     82.00000
   5930      0.00000
   5931      0.00000
   5932      0.00000
   5933     29.00000
   5934     16.00000
   5935      2.00000
   5936      0.00000
   5937      0.00000
   5938      1.00000
   5939      1.00000
   5941      0.00000
   5942      5.00000
   5943      5.00000
   5944      0.00000
   5945      1.00000
   5946      0.00000
   5947      0.00000
   5948      0.00000
   5949     25.00000
   5950    253.00000
   5951    802.00000
   5952    139.00000
   5953    316.00000
   5954    317.00000
   5955      6.00000
   5956    374.00000
   5957    360.00000
   5958     14.00000
   5960    350.00000
   5961     69.00000
   5962      2.00000
   5963      0.00000
   5964    405.00000
   6001    250.00000
   6002    847.00000
   6003   1290.00000
   6004    625.00000
   6005   6013.00000
   6006   1419.00000
   6007   8175.00000
   6008     51.00000
   6009    208.00000
   6010     98.00000
   6011     47.00000
   6012    504.00000
   6013    167.00000
   6014    210.00000
   6015    243.00000
   6016   1328.00000
   6017    148.00000
   6018      1.00000
   6019     40.00000
   6020    345.00000
   6021     13.00000
   6022    120.00000
   6023      0.00000
   6024     39.00000
   6025     25.00000
   6026     80.00000
   6028     29.00000
   6029    121.00000
   6030     14.00000
   6031     14.00000
   6032      9.00000
   6033     21.00000
   6034      8.00000
   6035     20.00000
   6036      0.00000
   6037      0.00000
   6038      3.00000
   6039      8.00000
   6041     69.00000
   6042     46.00000
   6043      6.00000
   6044      1.00000
   6045      9.00000
   6046      9.00000
   6047     70.00000
   6048      9.00000
   6049    768.00000
   6050    689.00000
   6051   2888.00000
   6052   2740.00000
   6053   1296.00000
   6054   1741.00000
   6055    588.00000
   6056    772.00000
   6057   8649.00000
   6058    260.00000
   6059    350.00000
   6061   1499.00000
   6062     16.00000
   6063     14.00000
   6064   1512.00000
   6101    167.00000
   6102    433.00000
   6103    667.00000
   6104    207.00000
   6105   2977.00000
   6106    376.00000
   6107   2126.00000
   6108     23.00000
   6109    178.00000
   6110     71.00000
   6111     18.00000
   6112    581.00000
   6113     39.00000
   6114     82.00000
   6115    176.00000
   6116    233.00000
   6117      6.00000
   6118      0.00000
   6119     11.00000
   6120     29.00000
   6121     26.00000
   6122     39.00000
   6123     17.00000
   6124      9.00000
   6125     15.00000
   6126     34.00000
   6128      9.00000
   6129     90.00000
   6130      2.00000
   6131      0.00000
   6132      0.00000
   6133     10.00000
   6134      2.00000
   6135      6.00000
   6136     17.00000
   6137      0.00000
   6138      0.00000
   6139     10.00000
   6141     75.00000
   6142     12.00000
   6143      1.00000
   6144      2.00000
   6145     30.00000
   6146     10.00000
   6147      3.00000
   6148      0.00000
   6149     65.00000
   6150     81.00000
   6151   1110.00000
   6152     81.00000
   6153    452.00000
   6154    365.00000
   6155     91.00000
   6156    275.00000
   6157   1099.00000
   6158     48.00000
   6159     69.00000
   6160   1499.00000
   6162     15.00000
   6163     15.00000
   6164    685.00000
   6201     42.00000
   6202    284.00000
   6203   1733.00000
   6204    489.00000
   6205    112.00000
   6206    263.00000
   6207    290.00000
   6208    903.00000
   6209    115.00000
   6210     62.00000
   6211     89.00000
   6212    195.00000
   6213     19.00000
   6214    144.00000
   6215    309.00000
   6216     11.00000
   6217     58.00000
   6218      1.00000
   6219     10.00000
   6220      3.00000
   6221      6.00000
   6222     52.00000
   6223     19.00000
   6224     62.00000
   6225    621.00000
   6226     12.00000
   6228     15.00000
   6229    185.00000
   6230     50.00000
   6231     32.00000
   6232     28.00000
   6233     12.00000
   6234     32.00000
   6235      3.00000
   6236      1.00000
   6237      0.00000
   6238      7.00000
   6239    115.00000
   6241     72.00000
   6242     90.00000
   6243      9.00000
   6244     23.00000
   6245      7.00000
   6246      7.00000
   6247      1.00000
   6248      2.00000
   6249    303.00000
   6250     21.00000
   6251    122.00000
   6252     16.00000
   6253      1.00000
   6254      7.00000
   6255     45.00000
   6256      3.00000
   6257     36.00000
   6258     30.00000
   6259      2.00000
   6260     16.00000
   6261     15.00000
   6263    640.00000
   6264    166.00000
   6301     64.00000
   6302    475.00000
   6303   1954.00000
   6304    510.00000
   6305    125.00000
   6306    708.00000
   6307    467.00000
   6308    453.00000
   6309    217.00000
   6310    214.00000
   6311    229.00000
   6312    362.00000
   6313     65.00000
   6314    360.00000
   6315    246.00000
   6316     99.00000
   6317     48.00000
   6318      7.00000
   6319     59.00000
   6320     24.00000
   6321     14.00000
   6322    116.00000
   6323      0.00000
   6324    161.00000
   6325    678.00000
   6326      1.00000
   6328    114.00000
   6329    263.00000
   6330      0.00000
   6331      8.00000
   6332      1.00000
   6333      2.00000
   6334      2.00000
   6335      0.00000
   6336      1.00000
   6337      0.00000
   6338      5.00000
   6339     72.00000
   6341      9.00000
   6342     57.00000
   6343     70.00000
   6344     16.00000
   6345      5.00000
   6346      0.00000
   6347      1.00000
   6348      2.00000
   6349    180.00000
   6350     10.00000
   6351      9.00000
   6352     26.00000
   6353      0.00000
   6354     21.00000
   6355     80.00000
   6356      0.00000
   6357     16.00000
   6358     17.00000
   6359      0.00000
   6360     14.00000
   6361     15.00000
   6362    640.00000
   6364    522.00000
   6401   1108.00000
   6402   1182.00000
   6403   2951.00000
   6404   1165.00000
   6405  20144.00000
   6406    871.00000
   6407   7019.00000
   6408    187.00000
   6409    370.00000
   6410    154.00000
   6411    135.00000
   6412    410.00000
   6413    113.00000
   6414    289.00000
   6415    337.00000
   6416   1185.00000
   6417     68.00000
   6418      1.00000
   6419     19.00000
   6420    164.00000
   6421     25.00000
   6422    520.00000
   6423      0.00000
   6424     91.00000
   6425     72.00000
   6426      0.00000
   6428    316.00000
   6429   1238.00000
   6430    133.00000
   6431      1.00000
   6432      0.00000
   6433     73.00000
   6434     47.00000
   6435      0.00000
   6436      0.00000
   6437      0.00000
   6438     42.00000
   6439     65.00000
   6441      0.00000
   6442    197.00000
   6443     75.00000
   6444     59.00000
   6445     53.00000
   6446      0.00000
   6447      9.00000
   6448      1.00000
   6449      0.00000
   6450     69.00000
   6451     78.00000
   6452    141.00000
   6453      0.00000
   6454  11882.00000
   6455     55.00000
   6456      0.00000
   6457    428.00000
   6458    349.00000
   6459    405.00000
   6460   1512.00000
   6461    685.00000
   6462    166.00000
   6463    522.00000
